0 32  208 148 124 125    0 32  163  96 186 244  1 53 53 1 0 65535 1 1 2
0 32  208 148 124 125    0 32  163  96 186 244  1 21 21 1 0 65535 1 1 2
0 32  208 148 124 125    0 32  163  96 186 244  1 119 119 1 0 65535 1 1 2
0 32  208 148 124 125    0 32  163  96 186 244  1 119 119 1 0 65535 1 1 1
0 32  208 148 124 125    0 32  163  96 186 244  1 123 123 1 0 65535 1 1 1
0 32  208 148 124 125    0 32  163  96 186 244  1 53 53 1 0 65535 1 1 1
0 32  208 148 124 125    0 32  163  96 186 244  1 123 123 1 0 65535 1 1 2
0 32    8 179  51 236    0 32   56 102 239 221  1 119 119 1 0 65535 1 1 2
0 32    8 179  51 236    0 32   56 102 239 221  1 53 53 1 0 65535 1 1 1
0 32    8 179  51 236    0 32   56 102 239 221  1 123 123 1 0 65535 1 1 2
0 32    8 179  51 236    0 32   56 102 239 221  1 21 21 1 0 65535 1 1 2
0 32    8 179  51 236    0 32   56 102 239 221  1 53 53 1 0 65535 1 1 2
0 32    8 179  51 236    0 32   56 102 239 221  1 119 119 1 0 65535 1 1 1
0 32    8 179  51 236    0 32   56 102 239 221  1 21 21 1 0 65535 1 1 1
0 32   11 208 119  24    0 32   56 102 239 221  1 123 123 1 0 65535 1 1 1
0 32   11 232 127 156    0 32   56 102 239 221  1 53 53 1 0 65535 1 1 2
0 32   10 182 141  55    0 32   56 102 239 221  1 119 119 1 0 65535 1 1 2
0 32   10 182 141  55    0 32   56 102 239 221  1 53 53 1 0 65535 1 1 2
0 31  208 148 124 126    0 32  163  96 186 244  1 53 53 1 0 65535 1 1 1
0 31  208 148 124 126    0 32  163  96 186 244  1 53 53 1 0 65535 1 1 2
0 31  208 148 124 126    0 32  163  96 186 244  1 123 123 1 0 65535 1 1 2
0 31    8 179  51 238    0 32   56 102 239 221  1 80 80 1 0 65535 1 1 2
0 31    8 179  51 238    0 32   56 102 239 221  1 53 53 1 0 65535 1 1 2
0 31    8 179  51 238    0 32   56 102 239 221  1 123 123 1 0 65535 1 1 2
0 31   11  25   1 158    0 32   56 102 239 221  1 25 25 1 0 65535 1 1 2
0 31   11 208 119  26    0 32   56 102 239 221  1 123 123 1 0 65535 1 1 1
0 32  208 148 124 125    0 31  163  96 186 246  1 53 53 1 0 65535 1 1 2
0 32  208 148 124 125    0 31  163  96 186 246  1 53 53 1 0 65535 1 1 1
0 32  208 148 124 125    0 31  163  96 186 246  1 119 119 1 0 65535 1 1 1
0 32  208 148 124 125    0 31  163  96 186 246  1 123 123 1 0 65535 1 1 2
0 32  208 148 124 125    0 31  163  96 186 246  1 119 119 1 0 65535 1 1 2
0 32    8  30 220   0    0 31   56 102 239 222  1 123 123 1 0 65535 1 1 2
0 32    8 179  51 236    0 31   56 102 239 222  1 53 53 1 0 65535 1 1 2
0 32    8 179  51 236    0 31   56 102 239 222  1 123 123 1 0 65535 1 1 2
0 32   11 208 119  24    0 31   56 102 239 222  1 123 123 1 0 65535 1 1 1
0 32   10 182 141  55    0 31   56 102 239 222  1 53 53 1 0 65535 1 1 2
0 30  208 148 124 120    0 32  163  96 186 244  1 53 53 1 0 65535 1 1 1
0 30  208 148 124 120    0 32  163  96 186 244  1 119 119 1 0 65535 1 1 2
0 30  208 148 124 120    0 32  163  96 186 244  1 123 123 1 0 65535 1 1 1
0 30    8  30 220   4    0 32   56 102 239 221  1 53 53 1 0 65535 1 1 1
0 30    8 179  51 232    0 32   56 102 239 221  1 119 119 1 0 65535 1 1 1
0 30   11 232 127 152    0 32   56 102 239 221  1 80 80 1 0 65535 1 1 2
0 30   10 182 141  48    0 32   56 102 239 221  1 53 53 1 0 65535 1 1 2
0 31  208 148 124 126    0 31  163  96 186 246  1 20 20 1 0 65535 1 1 2
0 31  208 148 124 126    0 31  163  96 186 246  1 53 53 1 0 65535 1 1 2
0 31    8  30 220   2    0 31   56 102 239 222  1 80 80 1 0 65535 1 1 2
0 31    8 179  51 238    0 31   56 102 239 222  1 53 53 1 0 65535 1 1 2
0 31   10 182 141  52    0 31   56 102 239 222  1 123 123 1 0 65535 1 1 2
0 31   10 182 141  52    0 31   56 102 239 222  1 119 119 1 0 65535 1 1 1
0 32  208 148 124 125    0 30  163  96 186 240  1 123 123 1 0 65535 1 1 1
0 32  208 148 124 125    0 30  163  96 186 240  1 53 53 1 0 65535 1 1 1
0 32  208 148 124 125    0 30  163  96 186 240  1 119 119 1 0 65535 1 1 2
0 32    8 179  51 236    0 30   56 102 239 216  1 123 123 1 0 65535 1 1 2
0 32    8 179  51 236    0 30   56 102 239 216  1 123 123 1 0 65535 1 1 1
0 32   10 182 141  55    0 30   56 102 239 216  1 119 119 1 0 65535 1 1 2
0 32   10 182 141  55    0 30   56 102 239 216  1 123 123 1 0 65535 1 1 1
0 31  208 148 124 126    0 30  163  96 186 240  1 53 53 1 0 65535 1 1 1
0 31  208 148 124 126    0 30  163  96 186 240  1 53 53 1 0 65535 1 1 2
0 31    8 179  51 238    0 30   56 102 239 216  1 20 20 1 0 65535 1 1 1
0 31   11 232 127 158    0 30   56 102 239 216  1 119 119 1 0 65535 1 1 1
0 31   11 232 127 158    0 30   56 102 239 216  1 119 119 1 0 65535 1 1 2
0 29  208 148 124 112    0 32  163  96 186 244  1 20 20 1 0 65535 1 1 2
0 29  208 148 124 112    0 32  163  96 186 244  1 119 119 1 0 65535 1 1 2
0 29  208 148 124 112    0 32  163  96 186 244  1 123 123 1 0 65535 1 1 2
0 29  208 148 124 112    0 32  163  96 186 244  1 53 53 1 0 65535 1 1 2
0 29    8 179  51 224    0 32   56 102 239 221  1 53 53 1 0 65535 1 1 2
0 30  208 148 124 120    0 31  163  96 186 246  1 123 123 1 0 65535 1 1 1
0 30  208 148 124 120    0 31  163  96 186 246  1 53 53 1 0 65535 1 1 1
0 30    8 179  51 232    0 31   56 102 239 222  1 53 53 1 0 65535 1 1 1
0 30    8 179  51 232    0 31   56 102 239 222  1 20 20 1 0 65535 1 1 2
0 30   11  25   1 152    0 31   56 102 239 222  1 53 53 1 0 65535 1 1 2
0 32    8 179  51 236    0 29   56 102 239 208  1 53 53 1 0 65535 1 1 1
0 29  208 148 124 112    0 31  163  96 186 246  1 123 123 1 0 65535 1 1 2
0 29  208 148 124 112    0 31  163  96 186 246  1 53 53 1 0 65535 1 1 2
0 29    8 179  51 224    0 31   56 102 239 222  1 123 123 1 0 65535 1 1 2
0 29    8 179  51 224    0 31   56 102 239 222  1 119 119 1 0 65535 1 1 2
0 28  208 148 124  96    0 32  163  96 186 244  1 20 20 1 0 65535 1 1 2
0 28  208 148 124  96    0 32  163  96 186 244  1 53 53 1 0 65535 1 1 1
0 31  208 148 124 126    0 29  163  96 186 248  1 53 53 1 0 65535 1 1 1
0 30  208 148 124 120    0 30  163  96 186 240  1 53 53 1 0 65535 1 1 2
0 30  208 148 124 120    0 30  163  96 186 240  1 20 20 1 0 65535 1 1 1
0 30  208 148 124 120    0 30  163  96 186 240  1 123 123 1 0 65535 1 1 1
0 30   11  25   0 156    0 30   56 102 239 216  1 53 53 1 0 65535 1 1 2
0 32   10 182 141  55    0 28   56 102 239 192  1 123 123 1 0 65535 1 1 1
0 28  208 148 124  96    0 31  163  96 186 246  1 119 119 1 0 65535 1 1 2
0 28  208 148 124  96    0 31  163  96 186 246  1 53 53 1 0 65535 1 1 2
0 28    8 179  51 240    0 31   56 102 239 222  1 123 123 1 0 65535 1 1 2
0 28   11 208 119   0    0 31   56 102 239 222  1 123 123 1 0 65535 1 1 2
0 30    8  30 220   4    0 29   56 102 239 208  1 53 53 1 0 65535 1 1 1
0 30   11 208 119  28    0 29   56 102 239 208  1 53 53 1 0 65535 1 1 2
0 30   11 232 127 152    0 29   56 102 239 208  1 53 53 1 0 65535 1 1 2
0 31  208 148 124 126    0 27  163  96 186 192  1 25 25 1 0 65535 1 1 1
0 31  208 148 124 126    0 27  163  96 186 192  1 123 123 1 0 65535 1 1 1
0 30   10 182 141  48    0 28   56 102 239 192  1 53 53 1 0 65535 1 1 2
0 31  208 148 124 126    0 26  163  96 186 128  1 123 123 1 0 65535 1 1 2
0 28  208 148 124  96    0 29  163  96 186 248  1 123 123 1 0 65535 1 1 2
0 28    8 179  51 240    0 29   56 102 239 208  1 123 123 1 0 65535 1 1 1
0 32  208 148 124 125    0 32  163  96 186 244  1 80 80 1 0 65535 1 0 0
0 32    8 179  51 236    0 32   56 102 239 221  1 53 53 1 0 65535 1 0 0
0 32   11 232 127 156    0 32   56 102 239 221  1 119 119 1 0 65535 1 0 0
0 27   11 208 119  32    0 29   56 102 239 208  1 53 53 1 0 65535 1 1 1
0 32  208 148 124 125    0 31  163  96 186 246  1 119 119 1 0 65535 1 0 0
0 30  208 148 124 120    0 32  163  96 186 244  1 53 53 1 0 65535 1 0 0
0 29   10 182 141  56    0 32   56 102 239 221  1 20 20 1 0 65535 1 0 0
0 29  208 148 124 112    0 30  163  96 186 240  1 53 53 1 0 65535 1 0 0
0 31   11 208 119  26    0 32   56 102 239 221  1 0 65535 1 0 65535 1 1 4
0 31    8 179  51 238    0 31   56 102 239 222  1 0 65535 1 0 65535 1 1 4
0 30   11 232 127 152    0 32   56 102 239 221  1 0 65535 1 0 65535 1 1 4
0 30   10 182 141  48    0 31   56 102 239 222  1 0 65535 1 0 65535 1 1 4
0 29  208 148 124 112    0 31  163  96 186 246  1 0 65535 1 0 65535 1 1 4
0 29    8  30 220   8    0 31   56 102 239 222  1 0 65535 1 0 65535 1 1 4
0 28  208 148 124  96    0 32  163  96 186 244  1 0 65535 1 0 65535 1 1 4
0 30  208 148 124 120    0 30  163  96 186 240  1 0 65535 1 0 65535 1 1 4
0 27  208 148 124  64    0 32  163  96 186 244  1 0 65535 1 0 65535 1 1 4
0 27    8 179  51 192    0 32   56 102 239 221  1 0 65535 1 0 65535 1 1 4
0 26   11 232 127 192    0 32   56 102 239 221  1 0 65535 1 0 65535 1 1 4
0 25  208 148 124 128    0 32  163  96 186 244  1 0 65535 1 0 65535 1 1 4
0 28  208 148 124  96    0 29  163  96 186 248  1 0 65535 1 0 65535 1 1 4
0 28   10 182 141  32    0 29   56 102 239 208  1 0 65535 1 0 65535 1 1 4
0 29  208 148 124 112    0 28  163  96 186 224  1 0 65535 1 0 65535 1 1 4
0 26  208 148 124   0    0 31  163  96 186 246  1 0 65535 1 0 65535 1 1 4
0 32    8 179  51 236    0 32   56 102 239 221  1 0 65535 1 0 65535 1 0 0
0 24    8 179  50   0    0 32   56 102 239 221  1 0 65535 1 0 65535 1 1 4
0 24  208 148 125   0    0 31  163  96 186 246  1 0 65535 1 0 65535 1 1 4
0 27  208 148 124  64    0 28  163  96 186 224  1 0 65535 1 0 65535 1 1 4
0 32  208 148 124 125    0 31  163  96 186 246  1 0 65535 1 0 65535 1 0 0
0 31    8  30 220   2    0 32   56 102 239 221  1 0 65535 1 0 65535 1 0 0
0 31    8 179  51 238    0 32   56 102 239 221  1 0 65535 1 0 65535 1 0 0
0 31   10 182 141  52    0 32   56 102 239 221  1 0 65535 1 0 65535 1 0 0
0 29    8 179  51 224    0 10   56   0   0   0  1 53 53 1 0 65535 1 1 2
0 26    8 179  51 128    0 29   56 102 239 208  1 0 65535 1 0 65535 1 1 4
0 28  208 148 124  96    0 26  163  96 186 128  1 0 65535 1 0 65535 1 1 4
0 31  208 148 124 126    0 31  163  96 186 246  1 0 65535 1 0 65535 1 0 0
0 31  208 148 124 126    0 30  163  96 186 240  1 0 65535 1 0 65535 1 0 0
0 29  208 148 124 112    0 24  163  96 187   0  1 0 65535 1 0 65535 1 1 4
0 30  208 148 124 120    0  7  160   0   0   0  1 123 123 1 0 65535 1 1 2
0 31    8  30 220   2    0  6   60   0   0   0  1 20 20 1 0 65535 1 1 1
0 32   11 232 127 156    0 29   56 102 239 208  1 0 65535 1 0 65535 1 0 0
0 24   10 182 140   0    0 29   56 102 239 208  1 0 65535 1 0 65535 1 1 4
0 28  208 148 124  96    0 32  163  96 186 244  1 0 65535 1 0 65535 1 0 0
0 28    8  30 220  16    0 32   56 102 239 221  1 0 65535 1 0 65535 1 0 0
0 28    8 179  51 240    0 32   56 102 239 221  1 0 65535 1 0 65535 1 0 0
0 30  208 148 124 120    0 30  163  96 186 240  1 0 65535 1 0 65535 1 0 0
0 29  208 148 124 112    0 31  163  96 186 246  1 0 65535 1 0 65535 1 0 0
0 29  208 148 124 112    0  7  160   0   0   0  1 119 119 1 0 65535 1 1 2
0 29   11 208 119  16    0  7   58   0   0   0  1 123 123 1 0 65535 1 1 1
0 31    8 179  51 238    0 29   56 102 239 208  1 0 65535 1 0 65535 1 0 0
0 20    8 179  32   0    0 32   56 102 239 221  1 0 65535 1 0 65535 1 1 4
0 31    8 179  51 238    0  5   48   0   0   0  1 123 123 1 0 65535 1 1 2
0 32   11 208 119  24    0 28   56 102 239 192  1 0 65535 1 0 65535 1 0 0
0 28  208 148 124  96    0 23  163  96 184   0  1 0 65535 1 0 65535 1 1 3
0 23  208 148 126   0    0 28  163  96 186 224  1 0 65535 1 0 65535 1 1 4
0 32    8 179  51 236    0  3    0   0   0   0  1 123 123 1 0 65535 1 1 2
0 32   11  25  51 234    0  3    0   0   0   0  1 53 53 1 0 65535 1 1 1
0 29   10 182 141  56    0  6   60   0   0   0  1 123 123 1 0 65535 1 1 2
0 29  208 148 124 112    0  5  168   0   0   0  1 53 53 1 0 65535 1 1 2
0 29    8 179  51 224    0  5   48   0   0   0  1 53 53 1 0 65535 1 1 2
0 27  208 148 124  64    0 31  163  96 186 246  1 0 65535 1 0 65535 1 0 0
0 28  208 148 124  96    0 30  163  96 186 240  1 0 65535 1 0 65535 1 0 0
0 24  208 148 125   0    0 10  163   0   0   0  1 53 53 1 0 65535 1 1 2
0 30  208 148 124 120    0 28  163  96 186 224  1 0 65535 1 0 65535 1 0 0
0 30  208 148 124 120    0  4  176   0   0   0  1 80 80 1 0 65535 1 1 2
0 21    8  30 208   0    0 29   56 102 239 208  1 0 65535 1 0 65535 1 1 4
0 27    8 179  51 192    0  7   58   0   0   0  1 119 119 1 0 65535 1 1 2
0 27    8 179  51 192    0  7   58   0   0   0  1 80 80 1 0 65535 1 1 2
0 29    8 179  51 224    0 29   56 102 239 208  1 0 65535 1 0 65535 1 0 0
0 29   10 182 141  56    0 29   56 102 239 208  1 0 65535 1 0 65535 1 0 0
0 25   11 232 127   0    0  9   56 128   0   0  1 123 123 1 0 65535 1 1 2
0 29  208 148 124 112    0  4  176   0   0   0  1 53 53 1 0 65535 1 1 2
0 29  208 148 124 112    0  4  176   0   0   0  1 123 123 1 0 65535 1 1 2
0 29  208 148 124 112    0  4  176   0   0   0  1 21 21 1 0 65535 1 1 2
0 29    8  30 220   8    0  4   32   0   0   0  1 123 123 1 0 65535 1 1 2
0 31  208 148 124 126    0  2  192   0   0   0  1 119 119 1 0 65535 1 1 2
0 31    8 179  51 238    0  2   64   0   0   0  1 53 53 1 0 65535 1 1 1
0 25  208 148 124 128    0 32  163  96 186 244  1 0 65535 1 0 65535 1 0 0
0 32  208 148 124 125    0  1  128   0   0   0  1 123 123 1 0 65535 1 1 1
0 32    8 179  51 236    0  1    0   0   0   0  1 53 53 1 0 65535 1 1 2
0 27  208 148 124  64    0 30  163  96 186 240  1 0 65535 1 0 65535 1 0 0
0 27   11 208 119  32    0 30   56 102 239 216  1 0 65535 1 0 65535 1 0 0
0 30  208 148 124 120    0 27  163  96 186 192  1 0 65535 1 0 65535 1 0 0
0 28  208 148 124  96    0  5  168   0   0   0  1 53 53 1 0 65535 1 1 1
0 28   10 182 141  32    0  5   48   0   0   0  1 119 119 1 0 65535 1 1 1
0 28    8 179  51 240    0 29   56 102 239 208  1 0 65535 1 0 65535 1 0 0
0 29   10 182 141  56    0 28   56 102 239 192  1 0 65535 1 0 65535 1 0 0
0 26   10 182 141  64    0  7   58   0   0   0  1 20 20 1 0 65535 1 1 1
0 30  208 148 124 120    0  2  192   0   0   0  1 123 123 1 0 65535 1 1 2
0 28  208 148 124  96    0 28  163  96 186 224  1 0 65535 1 0 65535 1 0 0
0 28  208 148 124  96    0  4  176   0   0   0  1 123 123 1 0 65535 1 1 1
0 29  208 148 124 112    0  3  128   0   0   0  1 119 119 1 0 65535 1 1 1
0 24  208 148 125   0    0  8  162   0   0   0  1 123 123 1 0 65535 1 1 2
0 26  208 148 124   0    0 30  163  96 186 240  1 0 65535 1 0 65535 1 0 0
0 26   10 182 141  64    0 30   56 102 239 216  1 0 65535 1 0 65535 1 0 0
0 31  208 148 124 126    0  1  128   0   0   0  1 53 53 1 0 65535 1 1 1
0 31  208 148 124 126    0  1  128   0   0   0  1 123 123 1 0 65535 1 1 2
0 25  208 148 124 128    0 31  163  96 186 246  1 0 65535 1 0 65535 1 0 0
0 25   10 182 141 128    0 31   56 102 239 222  1 0 65535 1 0 65535 1 0 0
0 32  208 148 124 125    0  0    0   0   0   0  1 53 53 1 0 65535 1 1 1
0 25  208 148 124 128    0  7  160   0   0   0  1 53 53 1 0 65535 1 1 1
0 25  208 148 124 128    0  7  160   0   0   0  1 53 53 1 0 65535 1 1 2
0 25   10 182 141 128    0  7   58   0   0   0  1 53 53 1 0 65535 1 1 1
0 21   11  25   8   0    0 11   56  64   0   0  1 123 123 1 0 65535 1 1 1
0 27   11 208 119  32    0 29   56 102 239 208  1 0 65535 1 0 65535 1 0 0
0 27   11 232 127 160    0  5   48   0   0   0  1 123 123 1 0 65535 1 1 1
0 24   10 182 140   0    0 32   56 102 239 221  1 0 65535 1 0 65535 1 0 0
0 25  208 148 124 128    0  6  164   0   0   0  1 119 119 1 0 65535 1 1 2
0 24  208 148 125   0    0  7  160   0   0   0  1 20 20 1 0 65535 1 1 2
0 23  208 148 126   0    0  8  162   0   0   0  1 53 53 1 0 65535 1 1 2
0 23   11 232 124   0    0  8   57   0   0   0  1 123 123 1 0 65535 1 1 2
0 23   10 182 142   0    0  8   57   0   0   0  1 119 119 1 0 65535 1 1 2
0 30  208 148 124 120    0  1  128   0   0   0  1 123 123 1 0 65535 1 1 2
0 27  208 148 124  64    0 28  163  96 186 224  1 0 65535 1 0 65535 1 0 0
0 31    8  30 220   2    0  0    0   0   0   0  1 20 20 1 0 65535 1 1 1
0 26    8 179  51 128    0  5   48   0   0   0  1 53 53 1 0 65535 1 1 1
0 28    8 179  51 240    0  3    0   0   0   0  1 53 53 1 0 65535 1 1 1
0 30    8 179  51 232    0 25   56 102 239   0  1 0 65535 1 0 65535 1 0 0
0 29    8 179  51 224    0  2   64   0   0   0  1 119 119 1 0 65535 1 1 1
0 29   10 182 141  56    0  2   64   0   0   0  1 53 53 1 0 65535 1 1 2
0 28   11 232 127 128    0 27   56 102 239 224  1 0 65535 1 0 65535 1 0 0
0 25  208 148 124 128    0  5  168   0   0   0  1 119 119 1 0 65535 1 1 1
0 25   11 232 127   0    0  5   48   0   0   0  1 123 123 1 0 65535 1 1 2
0 25   10 182 141 128    0  5   48   0   0   0  1 53 53 1 0 65535 1 1 2
0 24  208 148 125   0    0  6  164   0   0   0  1 53 53 1 0 65535 1 1 1
0 24  208 148 125   0    0  6  164   0   0   0  1 53 53 1 0 65535 1 1 2
0 24    8  30 221   0    0  6   60   0   0   0  1 53 53 1 0 65535 1 1 1
0 24   10 182 140   0    0  6   60   0   0   0  1 123 123 1 0 65535 1 1 1
0 29  208 148 124 112    0  1  128   0   0   0  1 123 123 1 0 65535 1 1 2
0 27  208 148 124  64    0  3  128   0   0   0  1 119 119 1 0 65535 1 1 1
0 27    8 179  51 192    0  3    0   0   0   0  1 53 53 1 0 65535 1 1 2
0 27   11 208 119  32    0  3    0   0   0   0  1 123 123 1 0 65535 1 1 2
0 26  208 148 124   0    0  4  176   0   0   0  1 123 123 1 0 65535 1 1 1
0 30  208 148 124 120    0  0    0   0   0   0  1 21 21 1 0 65535 1 1 1
0 28    8  30 220  16    0 26   56 102 239 128  1 0 65535 1 0 65535 1 0 0
0 22    8 179  52   0    0  8   57   0   0   0  1 119 119 1 0 65535 1 1 2
0 28  208 148 124  96    0  1  128   0   0   0  1 53 53 1 0 65535 1 1 2
0 27  208 148 124  64    0  2  192   0   0   0  1 119 119 1 0 65535 1 1 2
0 27  208 148 124  64    0  2  192   0   0   0  1 53 53 1 0 65535 1 1 2
0 27  208 148 124  64    0  2  192   0   0   0  1 53 53 1 0 65535 1 1 1
0 26  208 148 124   0    0 27  163  96 186 192  1 0 65535 1 0 65535 1 0 0
0 25  208 148 124 128    0  4  176   0   0   0  1 123 123 1 0 65535 1 1 1
0 21  208 148 112   0    0 32  163  96 186 244  1 0 65535 1 0 65535 1 0 0
0 23  208 148 126   0    0  6  164   0   0   0  1 119 119 1 0 65535 1 1 1
0 23  208 148 126   0    0  6  164   0   0   0  1 123 123 1 0 65535 1 1 1
0 23    8 179  48   0    0  6   60   0   0   0  1 123 123 1 0 65535 1 1 2
0 29    8 179  51 224    0  0    0   0   0   0  1 53 53 1 0 65535 1 1 2
0 26    8 179  51 128    0  3    0   0   0   0  1 53 53 1 0 65535 1 1 2
0 24    8 179  50   0    0  5   48   0   0   0  1 119 119 1 0 65535 1 1 1
0 24   11 232 126   0    0  5   48   0   0   0  1 21 21 1 0 65535 1 1 2
0 29   10 182 141  56    0  8   57   0   0   0  1 119 119 1 0 65535 1 0 0
0 27  208 148 124  64    0  1  128   0   0   0  1 21 21 1 0 65535 1 1 2
0 27    8 179  51 192    0  1    0   0   0   0  1 123 123 1 0 65535 1 1 1
0 28  208 148 124  96    0  8  162   0   0   0  1 80 80 1 0 65535 1 0 0
0 25  208 148 124 128    0  3  128   0   0   0  1 53 53 1 0 65535 1 1 2
0 25    8 179  51   0    0  3    0   0   0   0  1 123 123 1 0 65535 1 1 2
0 21  208 148 112   0    0  7  160   0   0   0  1 53 53 1 0 65535 1 1 1
0 21   10 182 128   0    0  7   58   0   0   0  1 53 53 1 0 65535 1 1 1
0 18  208 148   0   0    0 26  163  96 186 128  1 0 65535 1 0 65535 1 1 4
0 28  208 148 124  96    0  0    0   0   0   0  1 123 123 1 0 65535 1 1 1
0 28    8 179  51 240    0  0    0   0   0   0  1 119 119 1 0 65535 1 1 2
0 28    8 179  51 240    0  0    0   0   0   0  1 25 25 1 0 65535 1 1 1
0 28    8 179  51 240    0  0    0   0   0   0  1 123 123 1 0 65535 1 1 2
0 24  208 148 125   0    0  4  176   0   0   0  1 53 53 1 0 65535 1 1 2
0 24    8 179  50   0    0  4   32   0   0   0  1 53 53 1 0 65535 1 1 1
0 26    8 179  51 128    0  2   64   0   0   0  1 123 123 1 0 65535 1 1 1
0 26   10 182 141  64    0  2   64   0   0   0  1 123 123 1 0 65535 1 1 2
0 28   11 208 119   0    0 24   56 102 238   0  1 0 65535 1 0 65535 1 0 0
0 20   11 232  96   0    0 32   56 102 239 221  1 0 65535 1 0 65535 1 0 0
0 23   10 182 142   0    0  5   48   0   0   0  1 53 53 1 0 65535 1 1 1
0 24   10 182 140   0    0 28   56 102 239 192  1 0 65535 1 0 65535 1 0 0
0 31  208 148 124 126    0  4  176   0   0   0  1 80 80 1 0 65535 1 0 0
0 23  208 148 126   0    0  4  176   0   0   0  1 53 53 1 0 65535 1 1 2
0 23    8 179  48   0    0  4   32   0   0   0  1 123 123 1 0 65535 1 1 2
0 27  208 148 124  64    0  0    0   0   0   0  1 80 80 1 0 65535 1 1 2
0 27  208 148 124  64    0  0    0   0   0   0  1 119 119 1 0 65535 1 1 1
0 27   11 208 119  32    0  0    0   0   0   0  1 119 119 1 0 65535 1 1 2
0 21  208 148 112   0    0 30  163  96 186 240  1 0 65535 1 0 65535 1 0 0
0 24  208 148 125   0    0  3  128   0   0   0  1 119 119 1 0 65535 1 1 1
0 24  208 148 125   0    0  3  128   0   0   0  1 123 123 1 0 65535 1 1 1
0 24    8 179  50   0    0  3    0   0   0   0  1 123 123 1 0 65535 1 1 1
0 25  208 148 124 128    0  2  192   0   0   0  1 53 53 1 0 65535 1 1 2
0 25  208 148 124 128    0  2  192   0   0   0  1 119 119 1 0 65535 1 1 1
0 25   11 232 127   0    0  2   64   0   0   0  1 53 53 1 0 65535 1 1 1
0 26  208 148 124   0    0  1  128   0   0   0  1 123 123 1 0 65535 1 1 2
0 26   10 182 141  64    0  1    0   0   0   0  1 80 80 1 0 65535 1 1 2
0 22  208 148 120   0    0 21  163  96 176   0  1 0 65535 1 0 65535 1 1 4
0 22    8 179  52   0    0  5   48   0   0   0  1 119 119 1 0 65535 1 1 2
0 20   11 232  96   0    0 31   56 102 239 222  1 0 65535 1 0 65535 1 0 0
0 32   10 182 141  55    0  3    0   0   0   0  1 119 119 1 0 65535 1 0 0
0 18   10 182 192   0    0  9   56 128   0   0  1 123 123 1 0 65535 1 1 1
0 24  208 148 125   0    0  2  192   0   0   0  1 123 123 1 0 65535 1 1 2
0 24  208 148 125   0    0  2  192   0   0   0  1 123 123 1 0 65535 1 1 1
0 24  208 148 125   0    0  2  192   0   0   0  1 20 20 1 0 65535 1 1 2
0 24    8 179  50   0    0  2   64   0   0   0  1 123 123 1 0 65535 1 1 2
0 24   11 208 118   0    0  2   64   0   0   0  1 25 25 1 0 65535 1 1 1
0 24  208 148 125   0    0 26  163  96 186 128  1 0 65535 1 0 65535 1 0 0
0 26  208 148 124   0    0  0    0   0   0   0  1 53 53 1 0 65535 1 1 1
0 26    8 179  51 128    0  0    0   0   0   0  1 53 53 1 0 65535 1 1 2
0 26    8 179  51 128    0  0    0   0   0   0  1 123 123 1 0 65535 1 1 2
0 26   10 182 141  64    0  0    0   0   0   0  1 53 53 1 0 65535 1 1 1
0 23  208 148 126   0    0  3  128   0   0   0  1 119 119 1 0 65535 1 1 2
0 25    8 179  51   0    0  1    0   0   0   0  1 53 53 1 0 65535 1 1 2
0 25   10 182 141 128    0  1    0   0   0   0  1 123 123 1 0 65535 1 1 2
0 25   10 182 141 128    0  1    0   0   0   0  1 123 123 1 0 65535 1 1 1
0 16  208 149   0   0    0  9  163 128   0   0  1 53 53 1 0 65535 1 1 2
0 23  208 148 126   0    0  2  192   0   0   0  1 123 123 1 0 65535 1 1 2
0 23  208 148 126   0    0  2  192   0   0   0  1 20 20 1 0 65535 1 1 1
0 23  208 148 126   0    0  2  192   0   0   0  1 21 21 1 0 65535 1 1 1
0 23   11  25  48   0    0  2   64   0   0   0  1 123 123 1 0 65535 1 1 1
0 23   11  25   2   0    0  2   64   0   0   0  1 53 53 1 0 65535 1 1 2
0 23   10 182 142   0    0  2   64   0   0   0  1 25 25 1 0 65535 1 1 2
0 31  208 148 124 126    0  2  192   0   0   0  1 53 53 1 0 65535 1 0 0
0 25  208 148 124 128    0  0    0   0   0   0  1 119 119 1 0 65535 1 1 1
0 25  208 148 124 128    0  0    0   0   0   0  1 123 123 1 0 65535 1 1 2
0 25    8 179  51   0    0  0    0   0   0   0  1 119 119 1 0 65535 1 1 2
0 24  208 148 125   0    0  1  128   0   0   0  1 53 53 1 0 65535 1 1 1
0 24  208 148 125   0    0  1  128   0   0   0  1 119 119 1 0 65535 1 1 2
0 24    8 179  50   0    0  1    0   0   0   0  1 53 53 1 0 65535 1 1 1
0 24   11 232 126   0    0  1    0   0   0   0  1 80 80 1 0 65535 1 1 2
0 24   11 232 126   0    0  1    0   0   0   0  1 123 123 1 0 65535 1 1 2
0 24   10 182 140   0    0  1    0   0   0   0  1 119 119 1 0 65535 1 1 1
0 21  208 148 112   0    0  4  176   0   0   0  1 53 53 1 0 65535 1 1 2
0 21    8 179  56   0    0  4   32   0   0   0  1 53 53 1 0 65535 1 1 2
0 21   11 232 112   0    0  4   32   0   0   0  1 53 53 1 0 65535 1 1 2
0 27    8  30 220  32    0  6   60   0   0   0  1 53 53 1 0 65535 1 0 0
0 20    8 179  32   0    0  5   48   0   0   0  1 119 119 1 0 65535 1 1 2
0 14   11 236   0   0    0 27   56 102 239 224  1 0 65535 1 0 65535 1 1 3
0 22  208 148 120   0    0  2  192   0   0   0  1 53 53 1 0 65535 1 1 1
0 22   11 208 112   0    0  2   64   0   0   0  1 53 53 1 0 65535 1 1 2
0 23  208 148 126   0    0  1  128   0   0   0  1 20 20 1 0 65535 1 1 2
0 23  208 148 126   0    0  1  128   0   0   0  1 119 119 1 0 65535 1 1 1
0 23  208 148 126   0    0  1  128   0   0   0  1 21 21 1 0 65535 1 1 1
0 23  208 148 126   0    0  1  128   0   0   0  1 123 123 1 0 65535 1 1 2
0 23    8  30 222   0    0  1    0   0   0   0  1 123 123 1 0 65535 1 1 1
0 23    8 179  48   0    0  1    0   0   0   0  1 119 119 1 0 65535 1 1 2
0 23    8 179  48   0    0  1    0   0   0   0  1 123 123 1 0 65535 1 1 1
0 23    8 179  48   0    0  1    0   0   0   0  1 20 20 1 0 65535 1 1 2
0 23    8 179  48   0    0  1    0   0   0   0  1 53 53 1 0 65535 1 1 2
0 24  208 148 125   0    0  0    0   0   0   0  1 123 123 1 0 65535 1 1 2
0 24  208 148 125   0    0  0    0   0   0   0  1 53 53 1 0 65535 1 1 2
0 24  208 148 125   0    0  0    0   0   0   0  1 123 123 1 0 65535 1 1 1
0 24    8  30 221   0    0  0    0   0   0   0  1 53 53 1 0 65535 1 1 1
0 24    8 179  50   0    0  0    0   0   0   0  1 53 53 1 0 65535 1 1 1
0 24    8 179  50   0    0  0    0   0   0   0  1 80 80 1 0 65535 1 1 2
0 24   10 182 140   0    0  0    0   0   0   0  1 20 20 1 0 65535 1 1 2
0 30  208 148 124 120    0  2  192   0   0   0  1 53 53 1 0 65535 1 0 0
0 20    8 179  32   0    0  4   32   0   0   0  1 53 53 1 0 65535 1 1 2
0 22  208 148 120   0    0  1  128   0   0   0  1 53 53 1 0 65535 1 1 1
0 22  208 148 120   0    0  1  128   0   0   0  1 119 119 1 0 65535 1 1 1
0 22  208 148 120   0    0  1  128   0   0   0  1 119 119 1 0 65535 1 1 2
0 22  208 148 120   0    0  1  128   0   0   0  1 123 123 1 0 65535 1 1 2
0 22   11 232 120   0    0  1    0   0   0   0  1 53 53 1 0 65535 1 1 2
0 22   10 182 136   0    0  1    0   0   0   0  1 53 53 1 0 65535 1 1 2
0 23  208 148 126   0    0  0    0   0   0   0  1 53 53 1 0 65535 1 1 2
0 23    8 179  48   0    0  0    0   0   0   0  1 53 53 1 0 65535 1 1 2
0 23    8 179  48   0    0  0    0   0   0   0  1 25 25 1 0 65535 1 1 2
0 23   11 232 124   0    0  0    0   0   0   0  1 123 123 1 0 65535 1 1 2
0 23   10 182 142   0    0  0    0   0   0   0  1 80 80 1 0 65535 1 1 1
0 18  208 148   0   0    0  5  168   0   0   0  1 21 21 1 0 65535 1 1 1
0 18  208 148   0   0    0  5  168   0   0   0  1 119 119 1 0 65535 1 1 1
0 20  208 148  96   0    0  3  128   0   0   0  1 53 53 1 0 65535 1 1 2
0 19  208 148  64   0    0  4  176   0   0   0  1 53 53 1 0 65535 1 1 2
0 21  208 148 112   0    0  2  192   0   0   0  1 123 123 1 0 65535 1 1 2
0 21  208 148 112   0    0  2  192   0   0   0  1 20 20 1 0 65535 1 1 2
0 21    8  30 208   0    0  2   64   0   0   0  1 123 123 1 0 65535 1 1 2
0 21    8 179  56   0    0  2   64   0   0   0  1 123 123 1 0 65535 1 1 1
0 30   11 208 119  28    0  1    0   0   0   0  1 123 123 1 0 65535 1 0 0
0 22  208 148 120   0    0  0    0   0   0   0  1 53 53 1 0 65535 1 1 2
0 22  208 148 120   0    0  0    0   0   0   0  1 123 123 1 0 65535 1 1 1
0 22    8 179  52   0    0  0    0   0   0   0  1 119 119 1 0 65535 1 1 2
0 22   11 208 112   0    0  0    0   0   0   0  1 53 53 1 0 65535 1 1 1
0 21  208 148 112   0    0  1  128   0   0   0  1 53 53 1 0 65535 1 1 1
0 21  208 148 112   0    0  1  128   0   0   0  1 119 119 1 0 65535 1 1 2
0 21    8 179  56   0    0  1    0   0   0   0  1 123 123 1 0 65535 1 1 2
0 21    8 179  56   0    0  1    0   0   0   0  1 119 119 1 0 65535 1 1 2
0 21   11 208 120   0    0  1    0   0   0   0  1 53 53 1 0 65535 1 1 2
0 21   11 208 120   0    0  1    0   0   0   0  1 119 119 1 0 65535 1 1 2
0 21   11 232 112   0    0  1    0   0   0   0  1 123 123 1 0 65535 1 1 2
0  8  209   0   0   0    0 30  163  96 186 240  1 0 65535 1 0 65535 1 1 4
0 20  208 148  96   0    0  2  192   0   0   0  1 53 53 1 0 65535 1 1 2
0 19  208 148  64   0    0  3  128   0   0   0  1 123 123 1 0 65535 1 1 1
0 31  208 148 124 126    0  7  160   0   0   0  1 0 65535 1 0 65535 1 1 4
0 18    8 179  64   0    0  4   32   0   0   0  1 123 123 1 0 65535 1 1 2
0 17   10 182   0   0    0  5   48   0   0   0  1 119 119 1 0 65535 1 1 2
0 30   10 182 141  48    0  0    0   0   0   0  1 53 53 1 0 65535 1 0 0
0 20  208 148  96   0    0  1  128   0   0   0  1 123 123 1 0 65535 1 1 2
0 20  208 148  96   0    0  1  128   0   0   0  1 53 53 1 0 65535 1 1 2
0 20    8 179  32   0    0  1    0   0   0   0  1 53 53 1 0 65535 1 1 1
0 20   11  25  16   0    0  1    0   0   0   0  1 123 123 1 0 65535 1 1 2
0 21  208 148 112   0    0  0    0   0   0   0  1 123 123 1 0 65535 1 1 1
0 21  208 148 112   0    0  0    0   0   0   0  1 53 53 1 0 65535 1 1 2
0 21  208 148 112   0    0  0    0   0   0   0  1 53 53 1 0 65535 1 1 1
0 21    8 179  56   0    0  0    0   0   0   0  1 53 53 1 0 65535 1 1 2
0 21   10 182 128   0    0  0    0   0   0   0  1 123 123 1 0 65535 1 1 1
0 18  208 148   0   0    0  3  128   0   0   0  1 119 119 1 0 65535 1 1 1
0 18  208 148   0   0    0  3  128   0   0   0  1 20 20 1 0 65535 1 1 2
0 18  208 148   0   0    0  3  128   0   0   0  1 53 53 1 0 65535 1 1 1
0 17  208 148 128   0    0 28  163  96 186 224  1 0 65535 1 0 65535 1 0 0
0 17  208 148 128   0    0  4  176   0   0   0  1 119 119 1 0 65535 1 1 2
0 17    8  30   0   0    0  4   32   0   0   0  1 20 20 1 0 65535 1 1 2
0 19  208 148  64   0    0  2  192   0   0   0  1 53 53 1 0 65535 1 1 2
0 19    8 179   0   0    0  2   64   0   0   0  1 20 20 1 0 65535 1 1 1
0 19   11 208  64   0    0  2   64   0   0   0  1 123 123 1 0 65535 1 1 2
0 16  208 149   0   0    0  5  168   0   0   0  1 53 53 1 0 65535 1 1 2
0 16    8 178   0   0    0  5   48   0   0   0  1 53 53 1 0 65535 1 1 2
0 15  208 150   0   0    0  5  168   0   0   0  1 53 53 1 0 65535 1 1 1
0 15   11 234   0   0    0  5   48   0   0   0  1 53 53 1 0 65535 1 1 2
0 19  208 148  64   0    0  1  128   0   0   0  1 53 53 1 0 65535 1 1 1
0 19  208 148  64   0    0  1  128   0   0   0  1 123 123 1 0 65535 1 1 2
0 19    8  30 224   0    0  1    0   0   0   0  1 53 53 1 0 65535 1 1 2
0 14  208 144   0   0    0  6  164   0   0   0  1 119 119 1 0 65535 1 1 2
0 20  208 148  96   0    0  0    0   0   0   0  1 53 53 1 0 65535 1 1 1
0 20  208 148  96   0    0  0    0   0   0   0  1 123 123 1 0 65535 1 1 1
0 20   11 208  96   0    0  0    0   0   0   0  1 53 53 1 0 65535 1 1 2
0 17    8 179 128   0    0  3    0   0   0   0  1 53 53 1 0 65535 1 1 1
0 18   10 182 192   0    0  2   64   0   0   0  1 53 53 1 0 65535 1 1 2
0 18   10 182 192   0    0  2   64   0   0   0  1 123 123 1 0 65535 1 1 1
0 19  208 148  64   0    0  0    0   0   0   0  1 21 21 1 0 65535 1 1 2
0 19  208 148  64   0    0  0    0   0   0   0  1 53 53 1 0 65535 1 1 1
0 19  208 148  64   0    0  0    0   0   0   0  1 123 123 1 0 65535 1 1 1
0 19   10 182 160   0    0  0    0   0   0   0  1 123 123 1 0 65535 1 1 1
0 17  208 148 128   0    0  2  192   0   0   0  1 119 119 1 0 65535 1 1 2
0 17   10 182   0   0    0  2   64   0   0   0  1 119 119 1 0 65535 1 1 2
0 16  208 149   0   0    0  3  128   0   0   0  1 53 53 1 0 65535 1 1 1
0 22  208 148 120   0    0  5  168   0   0   0  1 53 53 1 0 65535 1 0 0
0 22  208 148 120   0    0  4  176   0   0   0  1 123 123 1 0 65535 1 0 0
0 17  208 148 128   0    0  1  128   0   0   0  1 53 53 1 0 65535 1 1 1
0 17  208 148 128   0    0  1  128   0   0   0  1 123 123 1 0 65535 1 1 2
0 17   11 232 128   0    0  1    0   0   0   0  1 123 123 1 0 65535 1 1 2
0 25    8  30 220 128    0  1    0   0   0   0  1 123 123 1 0 65535 1 0 0
0 15    8 176   0   0    0  3    0   0   0   0  1 119 119 1 0 65535 1 1 1
0 14   11 236   0   0    0  4   32   0   0   0  1 123 123 1 0 65535 1 1 2
0 12   10 160   0   0    0  6   60   0   0   0  1 25 25 1 0 65535 1 1 1
0 17  208 148 128   0    0 24  163  96 187   0  1 0 65535 1 0 65535 1 0 0
0 17   11 232 128   0    0 24   56 102 238   0  1 0 65535 1 0 65535 1 0 0
0 16  208 149   0   0    0  1  128   0   0   0  1 53 53 1 0 65535 1 1 2
0 25    8  30 220 128    0  0    0   0   0   0  1 53 53 1 0 65535 1 0 0
0 19    8  30 224   0    0 22   56 102 232   0  1 0 65535 1 0 65535 1 0 0
0 23    8 179  48   0    0  2   64   0   0   0  1 21 21 1 0 65535 1 0 0
0 20    8 179  32   0    0 21   56 102 224   0  1 0 65535 1 0 65535 1 0 0
0 21   11  25   8   0    0  4   32   0   0   0  1 53 53 1 0 65535 1 0 0
0 17   10 182   0   0    0  0    0   0   0   0  1 53 53 1 0 65535 1 1 2
0 17   10 182   0   0    0  0    0   0   0   0  1 119 119 1 0 65535 1 1 1
0 13   10 184   0   0    0  4   32   0   0   0  1 123 123 1 0 65535 1 1 2
0 15  208 150   0   0    0  1  128   0   0   0  1 53 53 1 0 65535 1 1 1
0 15   10 180   0   0    0  1    0   0   0   0  1 123 123 1 0 65535 1 1 1
0 16  208 149   0   0    0  0    0   0   0   0  1 80 80 1 0 65535 1 1 1
0 16   10 183   0   0    0  0    0   0   0   0  1 53 53 1 0 65535 1 1 2
0 27  208 148 124  64    0  4  176   0   0   0  1 1024 65535 1 0 65535 1 1 2
0 18    8 179  64   0    0 22   56 102 232   0  1 0 65535 1 0 65535 1 0 0
0 17    8 179 128   0    0 23   56 102 236   0  1 0 65535 1 0 65535 1 0 0
0 14    8 180   0   0    0  2   64   0   0   0  1 123 123 1 0 65535 1 1 2
0 12  208 128   0   0    0  3  128   0   0   0  1 53 53 1 0 65535 1 1 1
0 28  208 148 124  96    0  2  192   0   0   0  1 1024 65535 1 0 65535 1 1 1
0 23  208 148 126   0    0  0    0   0   0   0  1 123 123 1 0 65535 1 0 0
0 19  208 148  64   0    0  4  176   0   0   0  1 53 53 1 0 65535 1 0 0
0 15  208 150   0   0    0  0    0   0   0   0  1 25 25 1 0 65535 1 1 2
0 15    8 176   0   0    0  0    0   0   0   0  1 25 25 1 0 65535 1 1 2
0 18  208 148   0   0    0  5  168   0   0   0  1 53 53 1 0 65535 1 0 0
0 14    8 180   0   0    0  1    0   0   0   0  1 53 53 1 0 65535 1 1 1
0 23    8 179  48   0    0  7   58   0   0   0  1 1024 65535 1 0 65535 1 1 2
0 29   11 208 119  16    0  1    0   0   0   0  1 1024 65535 1 0 65535 1 1 2
0  7  210   0   0   0    0 23  163  96 184   0  1 0 65535 1 0 65535 1 1 4
0 14  208 144   0   0    0  0    0   0   0   0  1 119 119 1 0 65535 1 1 2
0 14   11 212   0   0    0  0    0   0   0   0  1 53 53 1 0 65535 1 1 2
0 27  208 148 124  64    0  2  192   0   0   0  1 1024 65535 1 0 65535 1 1 1
0  2   64   0   0   0    0 28   56 102 239 192  1 0 65535 1 0 65535 1 1 4
0 13   11 224   0   0    0  1    0   0   0   0  1 123 123 1 0 65535 1 1 1
0 12   10 160   0   0    0  2   64   0   0   0  1 53 53 1 0 65535 1 1 1
0 13  208 152   0   0    0  0    0   0   0   0  1 21 21 1 0 65535 1 1 2
0 13   10 184   0   0    0  0    0   0   0   0  1 123 123 1 0 65535 1 1 2
0 25  208 148 124 128    0  4  176   0   0   0  1 0 65535 1 0 65535 1 1 4
0 28  208 148 124  96    0  0    0   0   0   0  1 1024 65535 1 0 65535 1 1 2
0 25  208 148 124 128    0  3  128   0   0   0  1 1024 65535 1 0 65535 1 1 2
0 25    8 179  51   0    0  3    0   0   0   0  1 1024 65535 1 0 65535 1 1 1
0 26  208 148 124   0    0  2  192   0   0   0  1 1024 65535 1 0 65535 1 1 1
0 26   11  25   0 192    0  2   64   0   0   0  1 1024 65535 1 0 65535 1 1 1
0 26   11 208 119  64    0  2   64   0   0   0  1 1024 65535 1 0 65535 1 1 2
0 26   11 232 127 192    0  2   64   0   0   0  1 1024 65535 1 0 65535 1 1 2
0 24  208 148 125   0    0  4  176   0   0   0  1 1024 65535 1 0 65535 1 1 1
0 27    8 179  51 192    0  1    0   0   0   0  1 1024 65535 1 0 65535 1 1 1
0 20    8 179  32   0    0  1    0   0   0   0  1 119 119 1 0 65535 1 0 0
0 23    8 179  48   0    0  5   48   0   0   0  1 1024 65535 1 0 65535 1 1 1
0 19    8 179   0   0    0  2   64   0   0   0  1 123 123 1 0 65535 1 0 0
0 12   10 160   0   0    0  1    0   0   0   0  1 123 123 1 0 65535 1 1 2
0 12   10 160   0   0    0  1    0   0   0   0  1 123 123 1 0 65535 1 1 1
0 25  208 148 124 128    0  2  192   0   0   0  1 1024 65535 1 0 65535 1 1 2
0 25  208 148 124 128    0  2  192   0   0   0  1 1024 65535 1 0 65535 1 1 1
0 24  208 148 125   0    0  3  128   0   0   0  1 1024 65535 1 0 65535 1 1 1
0 29  208 148 124 112    0  7  160   0   0   0  1 0 65535 1 0 65535 1 0 0
0 22  208 148 120   0    0  5  168   0   0   0  1 1024 65535 1 0 65535 1 1 2
0 26  208 148 124   0    0  1  128   0   0   0  1 1024 65535 1 0 65535 1 1 1
0 26  208 148 124   0    0  1  128   0   0   0  1 1024 65535 1 0 65535 1 1 2
0 26    8 179  51 128    0  1    0   0   0   0  1 1024 65535 1 0 65535 1 1 2
0 27  208 148 124  64    0  1  128   0   0   0  1 0 65535 1 0 65535 1 1 4
0 11    8 128   0   0    0  1    0   0   0   0  1 21 21 1 0 65535 1 1 1
0  2   64   0   0   0    0 26   56 102 239 128  1 0 65535 1 0 65535 1 1 3
0 26    8 179  51 128    0  2   64   0   0   0  1 0 65535 1 0 65535 1 1 4
0 27    8 179  51 192    0  0    0   0   0   0  1 1024 65535 1 0 65535 1 1 2
0 20    8 179  32   0    0  0    0   0   0   0  1 119 119 1 0 65535 1 0 0
0 23    8 179  48   0    0  4   32   0   0   0  1 1024 65535 1 0 65535 1 1 1
0 18    8 179  64   0    0  2   64   0   0   0  1 53 53 1 0 65535 1 0 0
0 24    8 179  50   0    0  4   32   0   0   0  1 0 65535 1 0 65535 1 1 4
0  6   12   0   0   0    0 22   56 102 232   0  1 0 65535 1 0 65535 1 1 4
0 26  208 148 124   0    0  0    0   0   0   0  1 1024 65535 1 0 65535 1 1 1
0 26    8 179  51 128    0  0    0   0   0   0  1 1024 65535 1 0 65535 1 1 1
0 25  208 148 124 128    0  1  128   0   0   0  1 1024 65535 1 0 65535 1 1 2
0 22  208 148 120   0    0  4  176   0   0   0  1 1024 65535 1 0 65535 1 1 2
0 24  208 148 125   0    0  2  192   0   0   0  1 1024 65535 1 0 65535 1 1 1
0 24    8 179  50   0    0  2   64   0   0   0  1 1024 65535 1 0 65535 1 1 1
0 24    8 179  50   0    0  2   64   0   0   0  1 1024 65535 1 0 65535 1 1 2
0 24   10 182 140   0    0  2   64   0   0   0  1 1024 65535 1 0 65535 1 1 2
0 23  208 148 126   0    0  3  128   0   0   0  1 1024 65535 1 0 65535 1 1 2
0 23  208 148 126   0    0  3  128   0   0   0  1 1024 65535 1 0 65535 1 1 1
0 23   11 232 124   0    0  3    0   0   0   0  1 1024 65535 1 0 65535 1 1 1
0  2  128   0   0   0    0 25  163  96 186   0  1 0 65535 1 0 65535 1 1 4
0  2   64   0   0   0    0 25   56 102 239   0  1 0 65535 1 0 65535 1 1 4
0 19  208 148  64   0    0  0    0   0   0   0  1 53 53 1 0 65535 1 0 0
0 23    8 179  48   0    0  4   32   0   0   0  1 0 65535 1 0 65535 1 1 4
0  1    0   0   0   0    0 26  163  96 186 128  1 0 65535 1 0 65535 1 1 4
0 27   10 182 141   0    0  0    0   0   0   0  1 0 65535 1 0 65535 1 1 4
0 20  208 148  96   0    0  5  168   0   0   0  1 1024 65535 1 0 65535 1 1 1
0 23  208 148 126   0    0  2  192   0   0   0  1 1024 65535 1 0 65535 1 1 2
0 23  208 148 126   0    0  2  192   0   0   0  1 1024 65535 1 0 65535 1 1 1
0 23    8 179  48   0    0  2   64   0   0   0  1 1024 65535 1 0 65535 1 1 1
0 23    8 179  48   0    0  2   64   0   0   0  1 1024 65535 1 0 65535 1 1 2
0 23   11  25   2   0    0  2   64   0   0   0  1 1024 65535 1 0 65535 1 1 2
0  0    0   0   0   0    0 26   56 102 239 128  1 0 65535 1 0 65535 1 1 4
0  1  128   0   0   0    0 25   56 102 239   0  1 0 65535 1 0 65535 1 1 4
0  1    0   0   0   0    0 25  163  96 186   0  1 0 65535 1 0 65535 1 1 4
0 24  208 148 125   0    0  1  128   0   0   0  1 1024 65535 1 0 65535 1 1 1
0 24    8 179  50   0    0  1    0   0   0   0  1 1024 65535 1 0 65535 1 1 1
0 24   11 232 126   0    0  1    0   0   0   0  1 1024 65535 1 0 65535 1 1 2
0 24   11 232 126   0    0  1    0   0   0   0  1 1024 65535 1 0 65535 1 1 1
0 24   10 182 140   0    0  1    0   0   0   0  1 1024 65535 1 0 65535 1 1 2
0 22  208 148 120   0    0  3  128   0   0   0  1 1024 65535 1 0 65535 1 1 2
0 24  208 148 125   0    0  2  192   0   0   0  1 0 65535 1 0 65535 1 1 3
0 24  208 148 125   0    0  2  192   0   0   0  1 0 65535 1 0 65535 1 1 4
0 24   11 232 126   0    0  2   64   0   0   0  1 0 65535 1 0 65535 1 1 4
0 25  208 148 124 128    0  0    0   0   0   0  1 1024 65535 1 0 65535 1 1 1
0 25  208 148 124 128    0  0    0   0   0   0  1 1024 65535 1 0 65535 1 1 2
0 25    8 179  51   0    0  0    0   0   0   0  1 1024 65535 1 0 65535 1 1 1
0 25   11  25  51   0    0  0    0   0   0   0  1 1024 65535 1 0 65535 1 1 1
0 25   10 182 141 128    0  0    0   0   0   0  1 1024 65535 1 0 65535 1 1 1
0 18  208 148   0   0    0  7  160   0   0   0  1 1024 65535 1 0 65535 1 1 1
0 18   10 182 192   0    0  7   58   0   0   0  1 1024 65535 1 0 65535 1 1 1
0 25  208 148 124 128    0  1  128   0   0   0  1 0 65535 1 0 65535 1 1 3
0 25   10 182 141 128    0  1    0   0   0   0  1 0 65535 1 0 65535 1 1 4
0 21  208 148 112   0    0  4  176   0   0   0  1 1024 65535 1 0 65535 1 1 2
0 21   11 232 112   0    0  4   32   0   0   0  1 1024 65535 1 0 65535 1 1 2
0 21   10 182 128   0    0  4   32   0   0   0  1 1024 65535 1 0 65535 1 1 2
0 23  208 148 126   0    0  3  128   0   0   0  1 0 65535 1 0 65535 1 1 3
0 26  208 148 124   0    0  0    0   0   0   0  1 0 65535 1 0 65535 1 1 4
0 19  208 148  64   0    0  6  164   0   0   0  1 1024 65535 1 0 65535 1 1 1
0  3  224   0   0   0    0 23  163  96 184   0  1 0 65535 1 0 65535 1 1 4
0  2   64   0   0   0    0 24   56 102 238   0  1 0 65535 1 0 65535 1 1 4
0 21    8 179  56   0    0  5   48   0   0   0  1 0 65535 1 0 65535 1 1 4
0 27   10 182 141   0    0  7   58   0   0   0  1 0 65535 1 0 65535 1 0 0
0 24  208 148 125   0    0  1  128   0   0   0  1 0 65535 1 0 65535 1 1 4
0 23  208 148 126   0    0  1  128   0   0   0  1 1024 65535 1 0 65535 1 1 1
0 23  208 148 126   0    0  1  128   0   0   0  1 1024 65535 1 0 65535 1 1 2
0 23    8  30 222   0    0  1    0   0   0   0  1 1024 65535 1 0 65535 1 1 1
0 23   10 182 142   0    0  1    0   0   0   0  1 1024 65535 1 0 65535 1 1 1
0 21  208 148 112   0    0  3  128   0   0   0  1 1024 65535 1 0 65535 1 1 1
0 21  208 148 112   0    0  3  128   0   0   0  1 1024 65535 1 0 65535 1 1 2
0 21   11 208 120   0    0  3    0   0   0   0  1 1024 65535 1 0 65535 1 1 2
0 24  208 148 125   0    0  0    0   0   0   0  1 1024 65535 1 0 65535 1 1 1
0 22  208 148 120   0    0  2  192   0   0   0  1 1024 65535 1 0 65535 1 1 2
0 22    8 179  52   0    0  2   64   0   0   0  1 1024 65535 1 0 65535 1 1 2
0 22    8 179  52   0    0  2   64   0   0   0  1 1024 65535 1 0 65535 1 1 1
0 22   11 208 112   0    0  2   64   0   0   0  1 1024 65535 1 0 65535 1 1 2
0 20  208 148  96   0    0  4  176   0   0   0  1 1024 65535 1 0 65535 1 1 2
0 20    8  30 192   0    0  4   32   0   0   0  1 1024 65535 1 0 65535 1 1 2
0 20    8 179  32   0    0  4   32   0   0   0  1 1024 65535 1 0 65535 1 1 2
0 21  208 148 112   0    0  4  176   0   0   0  1 0 65535 1 0 65535 1 1 4
0 25  208 148 124 128    0  0    0   0   0   0  1 0 65535 1 0 65535 1 1 4
0 25   11  25   0   0    0  0    0   0   0   0  1 0 65535 1 0 65535 1 1 4
0 25   10 182 141 128    0  0    0   0   0   0  1 0 65535 1 0 65535 1 1 3
0 25   10 182 141 128    0  0    0   0   0   0  1 0 65535 1 0 65535 1 1 4
0 20  208 148  96   0    0  5  168   0   0   0  1 0 65535 1 0 65535 1 1 4
0  4   16   0   0   0    0 21   56 102 224   0  1 0 65535 1 0 65535 1 1 4
0  2   64   0   0   0    0 23   56 102 236   0  1 0 65535 1 0 65535 1 1 4
0 23   11 232 124   0    0  2   64   0   0   0  1 0 65535 1 0 65535 1 1 4
0 24  208 148 125   0    0  0    0   0   0   0  1 0 65535 1 0 65535 1 1 4
0 24    8 179  50   0    0  0    0   0   0   0  1 0 65535 1 0 65535 1 1 4
0 24   11 232 126   0    0  0    0   0   0   0  1 0 65535 1 0 65535 1 1 4
0 24   10 182 140   0    0  0    0   0   0   0  1 0 65535 1 0 65535 1 1 4
0 22  208 148 120   0    0  1  128   0   0   0  1 1024 65535 1 0 65535 1 1 2
0 22  208 148 120   0    0  1  128   0   0   0  1 1024 65535 1 0 65535 1 1 1
0 22    8 179  52   0    0  1    0   0   0   0  1 1024 65535 1 0 65535 1 1 1
0 22   11 232 120   0    0  1    0   0   0   0  1 1024 65535 1 0 65535 1 1 1
0 22   10 182 136   0    0  1    0   0   0   0  1 1024 65535 1 0 65535 1 1 1
0 20  208 148  96   0    0  3  128   0   0   0  1 1024 65535 1 0 65535 1 1 1
0 20   10 182 144   0    0  3    0   0   0   0  1 1024 65535 1 0 65535 1 1 1
0 18  208 148   0   0    0  5  168   0   0   0  1 1024 65535 1 0 65535 1 1 1
0 18   10 182 192   0    0  5   48   0   0   0  1 1024 65535 1 0 65535 1 1 1
0  1  128   0   0   0    0 23   56 102 236   0  1 0 65535 1 0 65535 1 1 4
0  1  128   0   0   0    0 23   56 102 236   0  1 0 65535 1 0 65535 1 1 3
0  1    0   0   0   0    0 23  163  96 184   0  1 0 65535 1 0 65535 1 1 4
0 18  208 148   0   0    0  6  164   0   0   0  1 0 65535 1 0 65535 1 1 4
0 23  208 148 126   0    0  1  128   0   0   0  1 0 65535 1 0 65535 1 1 4
0 23    8 179  48   0    0  1    0   0   0   0  1 0 65535 1 0 65535 1 1 4
0 23   10 182 142   0    0  1    0   0   0   0  1 0 65535 1 0 65535 1 1 4
0 20  208 148  96   0    0  4  176   0   0   0  1 0 65535 1 0 65535 1 1 4
0  3  224   0   0   0    0 29  163  96 186 248  1 0 65535 1 0 65535 1 0 0
0  0    0   0   0   0    0 24   56 102 238   0  1 0 65535 1 0 65535 1 1 4
0  0    0   0   0   0    0 24  163  96 187   0  1 0 65535 1 0 65535 1 1 4
0 22  208 148 120   0    0  2  192   0   0   0  1 0 65535 1 0 65535 1 1 4
0 22    8  30 216   0    0  2   64   0   0   0  1 0 65535 1 0 65535 1 1 4
0  3  224   0   0   0    0 21  163  96 176   0  1 0 65535 1 0 65535 1 1 4
0 23    8 179  48   0    0  0    0   0   0   0  1 1024 65535 1 0 65535 1 1 2
0 23   11  25  48   0    0  0    0   0   0   0  1 1024 65535 1 0 65535 1 1 1
0 23   10 182 142   0    0  0    0   0   0   0  1 1024 65535 1 0 65535 1 1 1
0  8    9   0   0   0    0 16   56 103   0   0  1 0 65535 1 0 65535 1 1 4
0 21   10 182 128   0    0  3    0   0   0   0  1 0 65535 1 0 65535 1 1 4
0 21   10 182 128   0    0  3    0   0   0   0  1 0 65535 1 0 65535 1 1 3
0 22  208 148 120   0    0  0    0   0   0   0  1 1024 65535 1 0 65535 1 1 1
0 22  208 148 120   0    0  0    0   0   0   0  1 1024 65535 1 0 65535 1 1 2
0 22   11 232 120   0    0  0    0   0   0   0  1 1024 65535 1 0 65535 1 1 1
0 22   10 182 136   0    0  0    0   0   0   0  1 1024 65535 1 0 65535 1 1 2
0 21  208 148 112   0    0  2  192   0   0   0  1 0 65535 1 0 65535 1 1 4
0 21    8 179  56   0    0  2   64   0   0   0  1 0 65535 1 0 65535 1 1 3
0 21   10 182 128   0    0  2   64   0   0   0  1 0 65535 1 0 65535 1 1 4
0 16  208 149   0   0    0  6  164   0   0   0  1 1024 65535 1 0 65535 1 1 2
0 21  208 148 112   0    0  1  128   0   0   0  1 1024 65535 1 0 65535 1 1 1
0 21  208 148 112   0    0  1  128   0   0   0  1 1024 65535 1 0 65535 1 1 2
0 21   11 208 120   0    0  1    0   0   0   0  1 1024 65535 1 0 65535 1 1 2
0 22  208 148 120   0    0  1  128   0   0   0  1 0 65535 1 0 65535 1 1 4
0 17  208 148 128   0    0  5  168   0   0   0  1 1024 65535 1 0 65535 1 1 1
0 17    8 179 128   0    0  5   48   0   0   0  1 1024 65535 1 0 65535 1 1 1
0 18  208 148   0   0    0  4  176   0   0   0  1 1024 65535 1 0 65535 1 1 1
0  0    0   0   0   0    0 23   56 102 236   0  1 0 65535 1 0 65535 1 1 4
0  1  128   0   0   0    0 22   56 102 232   0  1 0 65535 1 0 65535 1 1 4
0 20  208 148  96   0    0  2  192   0   0   0  1 1024 65535 1 0 65535 1 1 2
0 19  208 148  64   0    0  3  128   0   0   0  1 1024 65535 1 0 65535 1 1 2
0 19   10 182 160   0    0  3    0   0   0   0  1 1024 65535 1 0 65535 1 1 2
0  2  128   0   0   0    0 21  163  96 176   0  1 0 65535 1 0 65535 1 1 4
0 11    8  32   0   0    0  4   32   0   0   0  1 123 123 1 0 65535 1 0 0
0 23    8 179  48   0    0  0    0   0   0   0  1 0 65535 1 0 65535 1 1 4
0 19    8 179   0   0    0  4   32   0   0   0  1 0 65535 1 0 65535 1 1 4
0 21  208 148 112   0    0  0    0   0   0   0  1 1024 65535 1 0 65535 1 1 2
0 21  208 148 112   0    0  0    0   0   0   0  1 1024 65535 1 0 65535 1 1 1
0 21    8  30 208   0    0  0    0   0   0   0  1 1024 65535 1 0 65535 1 1 1
0  0    0   0   0   0    0 22   56 102 232   0  1 0 65535 1 0 65535 1 1 3
0  0    0   0   0   0    0 22   56 102 232   0  1 0 65535 1 0 65535 1 1 4
0  0    0   0   0   0    0 22  163  96 188   0  1 0 65535 1 0 65535 1 1 4
0 19  208 148  64   0    0  3  128   0   0   0  1 0 65535 1 0 65535 1 1 4
0 20  208 148  96   0    0  1  128   0   0   0  1 1024 65535 1 0 65535 1 1 1
0 20    8 179  32   0    0  1    0   0   0   0  1 1024 65535 1 0 65535 1 1 1
0 20   10 182 144   0    0  1    0   0   0   0  1 1024 65535 1 0 65535 1 1 2
0 19  208 148  64   0    0  2  192   0   0   0  1 1024 65535 1 0 65535 1 1 1
0 19    8 179   0   0    0  2   64   0   0   0  1 1024 65535 1 0 65535 1 1 2
0  2  128   0   0   0    0 20  163  96 160   0  1 0 65535 1 0 65535 1 1 4
0 22  208 148 120   0    0  0    0   0   0   0  1 0 65535 1 0 65535 1 1 4
0 22    8 179  52   0    0  0    0   0   0   0  1 0 65535 1 0 65535 1 1 4
0 22   11 208 112   0    0  0    0   0   0   0  1 0 65535 1 0 65535 1 1 3
0 22   11 208 112   0    0  0    0   0   0   0  1 0 65535 1 0 65535 1 1 4
0 21    8  30 208   0    0  1    0   0   0   0  1 0 65535 1 0 65535 1 1 4
0 20    8 179  32   0    0  2   64   0   0   0  1 0 65535 1 0 65535 1 1 4
0  1    0   0   0   0    0 21  163  96 176   0  1 0 65535 1 0 65535 1 1 4
0 18    8 179  64   0    0  3    0   0   0   0  1 1024 65535 1 0 65535 1 1 2
0 18   11 208   0   0    0  3    0   0   0   0  1 1024 65535 1 0 65535 1 1 2
0 28   11 208 119   0    0  2   64   0   0   0  1 0 65535 1 0 65535 1 0 0
0 26   11 232 127 192    0  4   32   0   0   0  1 0 65535 1 0 65535 1 0 0
0 25   11 232 127   0    0  5   48   0   0   0  1 0 65535 1 0 65535 1 0 0
0 30   10 182 141  48    0  0    0   0   0   0  1 0 65535 1 0 65535 1 0 0
0 17   10 182   0   0    0  4   32   0   0   0  1 1024 65535 1 0 65535 1 1 1
0  1  128   0   0   0    0 20   56 102 240   0  1 0 65535 1 0 65535 1 1 4
0  1    0   0   0   0    0 20  163  96 160   0  1 0 65535 1 0 65535 1 1 4
0 20  208 148  96   0    0  1  128   0   0   0  1 0 65535 1 0 65535 1 1 4
0 20   10 182 144   0    0  1    0   0   0   0  1 0 65535 1 0 65535 1 1 4
0  3  224   0   0   0    0 26  163  96 186 128  1 0 65535 1 0 65535 1 0 0
0 23  208 148 126   0    0  6  164   0   0   0  1 0 65535 1 0 65535 1 0 0
0 19  208 148  64   0    0  2  192   0   0   0  1 0 65535 1 0 65535 1 1 4
0 19    8 179   0   0    0  2   64   0   0   0  1 0 65535 1 0 65535 1 1 4
0  9  208   0   0   0    0 20  163  96 160   0  1 0 65535 1 0 65535 1 0 0
0  4  192   0   0   0    0 25  163  96 186   0  1 0 65535 1 0 65535 1 0 0
0 20  208 148  96   0    0  0    0   0   0   0  1 1024 65535 1 0 65535 1 1 1
0 20    8  30 192   0    0  0    0   0   0   0  1 1024 65535 1 0 65535 1 1 1
0 20   11 208  96   0    0  0    0   0   0   0  1 1024 65535 1 0 65535 1 1 2
0  2  128   0   0   0    0 27  163  96 186 192  1 0 65535 1 0 65535 1 0 0
0 19  208 148  64   0    0  1  128   0   0   0  1 1024 65535 1 0 65535 1 1 1
0 19    8  30 224   0    0  1    0   0   0   0  1 1024 65535 1 0 65535 1 1 2
0 27  208 148 124  64    0  2  192   0   0   0  1 0 65535 1 0 65535 1 0 0
0 27    8 179  51 192    0  2   64   0   0   0  1 0 65535 1 0 65535 1 0 0
0  3   32   0   0   0    0 18   56 102 128   0  1 0 65535 1 0 65535 1 1 4
0 21   11 208 120   0    0  0    0   0   0   0  1 0 65535 1 0 65535 1 1 4
0 18   10 182 192   0    0  2   64   0   0   0  1 1024 65535 1 0 65535 1 1 2
0 18   10 182 192   0    0  2   64   0   0   0  1 1024 65535 1 0 65535 1 1 1
0  1    0   0   0   0    0 28  163  96 186 224  1 0 65535 1 0 65535 1 0 0
0 25   10 182 141 128    0  4   32   0   0   0  1 0 65535 1 0 65535 1 0 0
0  5  216   0   0   0    0 23  163  96 184   0  1 0 65535 1 0 65535 1 0 0
0 26  208 148 124   0    0  2  192   0   0   0  1 0 65535 1 0 65535 1 0 0
0 26   11 232 127 192    0  2   64   0   0   0  1 0 65535 1 0 65535 1 0 0
0 28  208 148 124  96    0  0    0   0   0   0  1 0 65535 1 0 65535 1 0 0
0 19  208 148  64   0    0  0    0   0   0   0  1 1024 65535 1 0 65535 1 1 2
0 19    8 179   0   0    0  0    0   0   0   0  1 1024 65535 1 0 65535 1 1 2
0  0    0   0   0   0    0 28   56 102 239 192  1 0 65535 1 0 65535 1 0 0
0 25  208 148 124 128    0  3  128   0   0   0  1 0 65535 1 0 65535 1 0 0
0 25    8 179  51   0    0  3    0   0   0   0  1 0 65535 1 0 65535 1 0 0
0 25   10 182 141 128    0  3    0   0   0   0  1 0 65535 1 0 65535 1 0 0
0  0    0   0   0   0    0 20   56 102 240   0  1 0 65535 1 0 65535 1 1 4
0  3  224   0   0   0    0 25  163  96 186   0  1 0 65535 1 0 65535 1 0 0
0  1    0   0   0   0    0 19  163  96 128   0  1 0 65535 1 0 65535 1 1 4
0  4   16   0   0   0    0 24   56 102 238   0  1 0 65535 1 0 65535 1 0 0
0 27    8 179  51 192    0  1    0   0   0   0  1 0 65535 1 0 65535 1 0 0
0 16    8 178   0   0    0  3    0   0   0   0  1 1024 65535 1 0 65535 1 1 2
0 18    8 179  64   0    0  1    0   0   0   0  1 1024 65535 1 0 65535 1 1 2
0 20    8 179  32   0    0  0    0   0   0   0  1 0 65535 1 0 65535 1 1 4
0 20   10 182 144   0    0  0    0   0   0   0  1 0 65535 1 0 65535 1 1 4
0  1    0   0   0   0    0 27  163  96 186 192  1 0 65535 1 0 65535 1 0 0
0 18  208 148   0   0    0  0    0   0   0   0  1 1024 65535 1 0 65535 1 1 1
0 18  208 148   0   0    0  1  128   0   0   0  1 0 65535 1 0 65535 1 1 4
0 18   10 182 192   0    0  1    0   0   0   0  1 0 65535 1 0 65535 1 1 4
0 22  208 148 120   0    0  5  168   0   0   0  1 0 65535 1 0 65535 1 0 0
0  0    0   0   0   0    0 27   56 102 239 224  1 0 65535 1 0 65535 1 0 0
0  1  128   0   0   0    0 18   56 102 128   0  1 0 65535 1 0 65535 1 1 4
0  1    0   0   0   0    0 18  163  96 192   0  1 0 65535 1 0 65535 1 1 4
0 25  208 148 124 128    0  2  192   0   0   0  1 0 65535 1 0 65535 1 0 0
0  1  128   0   0   0    0 26   56 102 239 128  1 0 65535 1 0 65535 1 0 0
0  8  209   0   0   0    0 19  163  96 128   0  1 0 65535 1 0 65535 1 0 0
0 26  208 148 124   0    0  1  128   0   0   0  1 0 65535 1 0 65535 1 0 0
0 26    8 179  51 128    0  1    0   0   0   0  1 0 65535 1 0 65535 1 0 0
0 24    8  30 221   0    0  3    0   0   0   0  1 0 65535 1 0 65535 1 0 0
0 16    8 178   0   0    0  2   64   0   0   0  1 1024 65535 1 0 65535 1 1 1
0  2   64   0   0   0    0 17   56 102   0   0  1 0 65535 1 0 65535 1 1 4
0 17    8 179 128   0    0  1    0   0   0   0  1 1024 65535 1 0 65535 1 1 2
0  6   12   0   0   0    0 21   56 102 224   0  1 0 65535 1 0 65535 1 0 0
0 15    8 176   0   0    0  3    0   0   0   0  1 1024 65535 1 0 65535 1 1 1
0 14   11 212   0   0    0  4   32   0   0   0  1 1024 65535 1 0 65535 1 1 1
0 13   11 224   0   0    0  5   48   0   0   0  1 1024 65535 1 0 65535 1 1 2
0 24  208 148 125   0    0  2  192   0   0   0  1 0 65535 1 0 65535 1 0 0
0 24   11 208 118   0    0  2   64   0   0   0  1 0 65535 1 0 65535 1 0 0
0  1  128   0   0   0    0 25   56 102 239   0  1 0 65535 1 0 65535 1 0 0
0  1    0   0   0   0    0 25  163  96 186   0  1 0 65535 1 0 65535 1 0 0
0  0    0   0   0   0    0 18   56 102 128   0  1 0 65535 1 0 65535 1 1 4
0  4  192   0   0   0    0 22  163  96 188   0  1 0 65535 1 0 65535 1 0 0
0 16  208 149   0   0    0  1  128   0   0   0  1 1024 65535 1 0 65535 1 1 1
0 16   10 183   0   0    0  1    0   0   0   0  1 1024 65535 1 0 65535 1 1 1
0 26  208 148 124   0    0  0    0   0   0   0  1 0 65535 1 0 65535 1 0 0
0  5  216   0   0   0    0 21  163  96 176   0  1 0 65535 1 0 65535 1 0 0
0  2  128   0   0   0    0 24  163  96 187   0  1 0 65535 1 0 65535 1 0 0
0  2   64   0   0   0    0 24   56 102 238   0  1 0 65535 1 0 65535 1 0 0
0  0    0   0   0   0    0 26   56 102 239 128  1 0 65535 1 0 65535 1 0 0
0  0    0   0   0   0    0 26  163  96 186 128  1 0 65535 1 0 65535 1 0 0
0 22  208 148 120   0    0  4  176   0   0   0  1 0 65535 1 0 65535 1 0 0
0 20  208 148  96   0    0  6  164   0   0   0  1 0 65535 1 0 65535 1 0 0
0 25  208 148 124 128    0  1  128   0   0   0  1 0 65535 1 0 65535 1 0 0
0 25    8 179  51   0    0  1    0   0   0   0  1 0 65535 1 0 65535 1 0 0
0 15    8 176   0   0    0  3    0   0   0   0  1 0 65535 1 0 65535 1 1 4
0 21   10 182 128   0    0  5   48   0   0   0  1 0 65535 1 0 65535 1 0 0
0 21  208 148 112   0    0  4  176   0   0   0  1 0 65535 1 0 65535 1 0 0
0  6  212   0   0   0    0 19  163  96 128   0  1 0 65535 1 0 65535 1 0 0
0 16  208 149   0   0    0  1  128   0   0   0  1 0 65535 1 0 65535 1 1 4
0 24  208 148 125   0    0  1  128   0   0   0  1 0 65535 1 0 65535 1 0 0
0 22  208 148 120   0    0  3  128   0   0   0  1 0 65535 1 0 65535 1 0 0
0 23  208 148 126   0    0  2  192   0   0   0  1 0 65535 1 0 65535 1 0 0
0 23   11 208 116   0    0  2   64   0   0   0  1 0 65535 1 0 65535 1 0 0
0 14    8 180   0   0    0  2   64   0   0   0  1 1024 65535 1 0 65535 1 1 2
0 25    8 179  51   0    0  0    0   0   0   0  1 0 65535 1 0 65535 1 0 0
0  0    0   0   0   0    0 25  163  96 186   0  1 0 65535 1 0 65535 1 0 0
0  1    0   0   0   0    0 24  163  96 187   0  1 0 65535 1 0 65535 1 0 0
0  3   32   0   0   0    0 22   56 102 232   0  1 0 65535 1 0 65535 1 0 0
0 15   11  26   0   0    0  1    0   0   0   0  1 1024 65535 1 0 65535 1 1 1
0  2   64   0   0   0    0 23   56 102 236   0  1 0 65535 1 0 65535 1 0 0
0 20   10 182 144   0    0  5   48   0   0   0  1 0 65535 1 0 65535 1 0 0
0  0    0   0   0   0    0 24   56 102 238   0  1 0 65535 1 0 65535 1 0 0
0  0    0   0   0   0    0 24  163  96 187   0  1 0 65535 1 0 65535 1 0 0
0 24  208 148 125   0    0  0    0   0   0   0  1 0 65535 1 0 65535 1 0 0
0 24    8  30 221   0    0  0    0   0   0   0  1 0 65535 1 0 65535 1 0 0
0 24   10 182 140   0    0  0    0   0   0   0  1 0 65535 1 0 65535 1 0 0
0 10  208 192   0   0    0 14  163 100   0   0  1 0 65535 1 0 65535 1 0 0
0 22  208 148 120   0    0  2  192   0   0   0  1 0 65535 1 0 65535 1 0 0
0 14  208 144   0   0    0  1  128   0   0   0  1 1024 65535 1 0 65535 1 1 1
0 14    8 180   0   0    0  1    0   0   0   0  1 1024 65535 1 0 65535 1 1 2
0  2  128   0   0   0    0 22  163  96 188   0  1 0 65535 1 0 65535 1 0 0
0  2   64   0   0   0    0 22   56 102 232   0  1 0 65535 1 0 65535 1 0 0
0 20  208 148  96   0    0  4  176   0   0   0  1 0 65535 1 0 65535 1 0 0
0 23  208 148 126   0    0  1  128   0   0   0  1 0 65535 1 0 65535 1 0 0
0 23   10 182 142   0    0  1    0   0   0   0  1 0 65535 1 0 65535 1 0 0
0  1  128   0   0   0    0 23   56 102 236   0  1 0 65535 1 0 65535 1 0 0
0  1    0   0   0   0    0 23  163  96 184   0  1 0 65535 1 0 65535 1 0 0
0 13  208 152   0   0    0  2  192   0   0   0  1 1024 65535 1 0 65535 1 1 2
0 19    8 179   0   0    0  5   48   0   0   0  1 0 65535 1 0 65535 1 0 0
0 21    8 179  56   0    0  3    0   0   0   0  1 0 65535 1 0 65535 1 0 0
0 21   11  25   8   0    0  3    0   0   0   0  1 0 65535 1 0 65535 1 0 0
0 13   11 224   0   0    0 11   56  64   0   0  1 0 65535 1 0 65535 1 0 0
0  3   32   0   0   0    0 21   56 102 224   0  1 0 65535 1 0 65535 1 0 0
0 20  208 148  96   0    0  3  128   0   0   0  1 0 65535 1 0 65535 1 0 0
0  1  128   0   0   0    0 22   56 102 232   0  1 0 65535 1 0 65535 1 0 0
0  1    0   0   0   0    0 22  163  96 188   0  1 0 65535 1 0 65535 1 0 0
0  0    0   0   0   0    0 23   56 102 236   0  1 0 65535 1 0 65535 1 0 0
0  0    0   0   0   0    0 23  163  96 184   0  1 0 65535 1 0 65535 1 0 0
0 19  208 148  64   0    0  4  176   0   0   0  1 0 65535 1 0 65535 1 0 0
0 21  208 148 112   0    0  2  192   0   0   0  1 0 65535 1 0 65535 1 0 0
0 21    8 179  56   0    0  2   64   0   0   0  1 0 65535 1 0 65535 1 0 0
0 21   10 182 128   0    0  2   64   0   0   0  1 0 65535 1 0 65535 1 0 0
0  2  128   0   0   0    0 21  163  96 176   0  1 0 65535 1 0 65535 1 0 0
0  2   64   0   0   0    0 21   56 102 224   0  1 0 65535 1 0 65535 1 0 0
0 23  208 148 126   0    0  0    0   0   0   0  1 0 65535 1 0 65535 1 0 0
0 23   11 208 116   0    0  0    0   0   0   0  1 0 65535 1 0 65535 1 0 0
0 15   10 180   0   0    0  0    0   0   0   0  1 0 65535 1 0 65535 1 1 3
0 22   10 182 136   0    0  1    0   0   0   0  1 0 65535 1 0 65535 1 0 0
0  4  192   0   0   0    0 18  163  96 192   0  1 0 65535 1 0 65535 1 0 0
0  1  128   0   0   0    0 21   56 102 224   0  1 0 65535 1 0 65535 1 0 0
0 22  208 148 120   0    0  0    0   0   0   0  1 0 65535 1 0 65535 1 0 0
0 22    8  30 216   0    0  0    0   0   0   0  1 0 65535 1 0 65535 1 0 0
0 22    8 179  52   0    0  0    0   0   0   0  1 0 65535 1 0 65535 1 0 0
0  0    0   0   0   0    0 22   56 102 232   0  1 0 65535 1 0 65535 1 0 0
0  0    0   0   0   0    0 22  163  96 188   0  1 0 65535 1 0 65535 1 0 0
0 21  208 148 112   0    0  1  128   0   0   0  1 0 65535 1 0 65535 1 0 0
0 19  208 148  64   0    0  3  128   0   0   0  1 0 65535 1 0 65535 1 0 0
0 17  208 148 128   0    0  5  168   0   0   0  1 0 65535 1 0 65535 1 0 0
0 18    8 179  64   0    0  4   32   0   0   0  1 0 65535 1 0 65535 1 0 0
0  8    9   0   0   0    0  6   60   0   0   0  1 0 65535 1 0 65535 1 1 4
0  2   64   0   0   0    0 20   56 102 240   0  1 0 65535 1 0 65535 1 0 0
0  1  128   0   0   0    0 20   56 102 240   0  1 0 65535 1 0 65535 1 0 0
0  1    0   0   0   0    0 20  163  96 160   0  1 0 65535 1 0 65535 1 0 0
0  0    0   0   0   0    0 21   56 102 224   0  1 0 65535 1 0 65535 1 0 0
0 19  208 148  64   0    0  2  192   0   0   0  1 0 65535 1 0 65535 1 0 0
0 21  208 148 112   0    0  0    0   0   0   0  1 0 65535 1 0 65535 1 0 0
0 21   10 182 128   0    0  0    0   0   0   0  1 0 65535 1 0 65535 1 0 0
0 18  208 148   0   0    0  3  128   0   0   0  1 0 65535 1 0 65535 1 0 0
0 20  208 148  96   0    0  1  128   0   0   0  1 0 65535 1 0 65535 1 0 0
0 20    8 179  32   0    0  1    0   0   0   0  1 0 65535 1 0 65535 1 0 0
0  0    0   0   0   0    0 13  163 104   0   0  1 0 65535 1 0 65535 1 1 4
0 10   11 128   0   0    0  2   64   0   0   0  1 1024 65535 1 0 65535 1 1 1
0  0    0   0   0   0    0 20   56 102 240   0  1 0 65535 1 0 65535 1 0 0
0 20  208 148  96   0    0  0    0   0   0   0  1 0 65535 1 0 65535 1 0 0
0 20    8 179  32   0    0  0    0   0   0   0  1 0 65535 1 0 65535 1 0 0
0  3  224   0   0   0    0 17  163  96   0   0  1 0 65535 1 0 65535 1 0 0
0  1  128   0   0   0    0 19   56 102 192   0  1 0 65535 1 0 65535 1 0 0
0 17  208 148 128   0    0  3  128   0   0   0  1 0 65535 1 0 65535 1 0 0
0 18   11 232   0   0    0  2   64   0   0   0  1 0 65535 1 0 65535 1 0 0
0 16  208 149   0   0    0  3  128   0   0   0  1 0 65535 1 0 65535 1 0 0
0 18  208 148   0   0    0  1  128   0   0   0  1 0 65535 1 0 65535 1 0 0
0  1  128   0   0   0    0 18   56 102 128   0  1 0 65535 1 0 65535 1 0 0
0  3  224   0   0   0    0 16  163  97   0   0  1 0 65535 1 0 65535 1 0 0
0  0    0   0   0   0    0 19  163  96 128   0  1 0 65535 1 0 65535 1 0 0
0 10    8 192   0   0    0  0    0   0   0   0  1 1024 65535 1 0 65535 1 1 2
0  9   10   0   0   0    0  1    0   0   0   0  1 1024 65535 1 0 65535 1 1 2
0 18  208 148   0   0    0  0    0   0   0   0  1 0 65535 1 0 65535 1 0 0
0 17  208 148 128   0    0  1  128   0   0   0  1 0 65535 1 0 65535 1 0 0
0 15  208 150   0   0    0  3  128   0   0   0  1 0 65535 1 0 65535 1 0 0
0 16  208 149   0   0    0  2  192   0   0   0  1 0 65535 1 0 65535 1 0 0
0 16   11 233   0   0    0  2   64   0   0   0  1 0 65535 1 0 65535 1 0 0
0  1    0   0   0   0    0 17  163  96   0   0  1 0 65535 1 0 65535 1 0 0
0  0    0   0   0   0    0 18  163  96 192   0  1 0 65535 1 0 65535 1 0 0
0  0    0   0   0   0    0 17   56 102   0   0  1 0 65535 1 0 65535 1 0 0
0  0    0   0   0   0    0 17  163  96   0   0  1 0 65535 1 0 65535 1 0 0
0 17  208 148 128   0    0  0    0   0   0   0  1 0 65535 1 0 65535 1 0 0
0  6   12   0   0   0    0  3    0   0   0   0  1 0 65535 1 0 65535 1 1 4
0 16    8 178   0   0    0  1    0   0   0   0  1 0 65535 1 0 65535 1 0 0
0 16   11 209   0   0    0  0    0   0   0   0  1 0 65535 1 0 65535 1 0 0
0 13  208 152   0   0    0  2  192   0   0   0  1 0 65535 1 0 65535 1 0 0
0  5    0   0   0   0    0 10   56   0   0   0  1 0 65535 1 0 65535 1 0 0
0  4  192   0   0   0    0 10  163   0   0   0  1 0 65535 1 0 65535 1 0 0
0 14  208 144   0   0    0  0    0   0   0   0  1 0 65535 1 0 65535 1 0 0
0  1  128   0   0   0    0 13   56 104   0   0  1 0 65535 1 0 65535 1 0 0
0  4  192   0   0   0    0  1  128   0   0   0  1 0 65535 1 0 65535 1 1 3
0  3  224   0   0   0    0  1  128   0   0   0  1 0 65535 1 0 65535 1 1 4
0  1    0   0   0   0    0  1  128   0   0   0  1 0 65535 1 0 65535 1 1 4
0  0    0   0   0   0    0  1    0   0   0   0  1 0 65535 1 0 65535 1 1 4
0  1    0   0   0   0    0  0    0   0   0   0  1 0 65535 1 0 65535 1 1 4
0  0    0   0   0   0    0  0    0   0   0   0  1 0 65535 1 0 65535 1 1 4
0  1  128   0   0   0    0  6   60   0   0   0  1 0 65535 1 0 65535 1 0 0
0  4  192   0   0   0    0  1  128   0   0   0  1 0 65535 1 0 65535 1 0 0
0  1    0   0   0   0    0  2  192   0   0   0  1 0 65535 1 0 65535 1 0 0
0  0    0   0   0   0    0  2   64   0   0   0  1 0 65535 1 0 65535 1 0 0
0  2   64   0   0   0    0  0    0   0   0   0  1 0 65535 1 0 65535 1 0 0
0  1  128   0   0   0    0  0    0   0   0   0  1 0 65535 1 0 65535 1 0 0
0  0    0   0   0   0    0  1  128   0   0   0  1 0 65535 1 0 65535 1 0 0
0  0    0   0   0   0    0  0    0   0   0   0  1 0 65535 1 0 65535 1 0 0
