0 32   90  10  19  79    0 32  179 222 239 233  1 0 65535 1 1526 1526 1 1 6
0 32   90  10  19  68    0 32  181 100 193  12  1 0 65535 1 1521 1521 1 1 6
0 32   90  10  19  68    0 32   90  10  21 203  1 0 65535 1 30211 30211 1 1 6
0 32   90  10  19  90    0 32  191 132 207 249  1 0 65535 1 1705 1705 1 1 6
0 32   90  10  19  90    0 32  236 203  38  90  1 0 65535 1 1521 1521 1 1 6
0 32   90  10  19  91    0 32  251 232 124 162  1 0 65535 1 1712 1712 1 1 6
0 32   90  10  19  91    0 32   81  17 236 144  1 0 65535 1 1704 1704 1 1 6
0 32   90  10  19  91    0 32    6  65 142  43  1 0 65535 1 1734 1734 1 1 6
0 32   90  10  19  91    0 32    6  65 142  43  1 0 65535 1 1707 1707 1 1 6
0 32   90  10  19 113    0 32  214  12  21 246  1 0 65535 1 512 512 1 1 6
0 32   90  10  19 113    0 32  214  14  93 191  1 0 65535 1 5542 5542 1 1 6
0 32   90  10  19 113    0 32  211  67   9  38  1 0 65535 1 1432 1432 1 1 6
0 32   90  10  19 113    0 32  211  70 105  13  1 0 65535 1 1521 1521 1 1 6
0 32   90  10  19 122    0 32  211  72 235 169  1 0 65535 1 1717 1717 1 1 6
0 32   90  10  19 122    0 32  211  78 238 135  1 0 65535 1 21 21 1 1 6
0 32   90  10  19 122    0 32  211 121 216 108  1 0 65535 1 27000 27000 1 1 6
0 32   90  10  19 122    0 32  211 121 216 108  1 0 65535 1 30804 30804 1 1 6
0 32   90  10  19 123    0 32  211 121 216 108  1 0 65535 1 6000 6000 1 1 6
0 32   90  10  19 123    0 32   95  25 228 195  1 0 65535 1 1525 1525 1 1 6
0 32   90  10  19 123    0 32  211 121 216 108  1 0 65535 1 1724 1724 1 1 6
0 32   90  10  19 123    0 32  211 121 216 108  1 0 65535 1 1521 1521 1 1 6
0 32   90  10  19 123    0 32  211 121 216 108  1 0 65535 1 1221 1221 1 1 6
0 32   90  10  19 123    0 32   90  10  21 203  1 0 65535 1 1525 1525 1 1 6
0 32  191 132 200 201    0 32   86 172  76 226  1 0 65535 1 14753 14753 1 1 6
0 32  191 132 200 192    0 32   81  17 236 144  1 0 65535 1 21 21 1 1 6
0 32  191 132 200 212    0 32   90  10  21 202  1 0 65535 1 21 21 1 1 6
0 32  191 132 200 212    0 32   90  10  21 202  1 0 65535 1 5631 5631 1 1 6
0 32  191 132 200 221    0 32   29 134  64  15  1 0 65535 1 1521 1521 1 1 6
0 32  191 132 200 221    0 32  181  96 191 188  1 0 65535 1 20 20 1 1 6
0 32  191 132 200 221    0 32   26   1  15  11  1 0 65535 1 1711 1711 1 1 6
0 32  191 132 200 221    0 32   10 206   3  75  1 0 65535 1 6889 6889 1 1 6
0 32  191 132 200 235    0 32   13 171 196 153  1 0 65535 1 1521 1521 1 1 6
0 32  191 132 200 235    0 32  211 121 216 108  1 0 65535 1 1521 1521 1 1 6
0 32  191 132 200 235    0 32  211 121 216 108  1 0 65535 1 1526 1526 1 1 6
0 32  191 132 200 226    0 32   13 116 190 108  1 0 65535 1 20 20 1 1 6
0 32  191 132 200 226    0 32   13 116 190 108  1 0 65535 1 1521 1521 1 1 6
0 32  191 132 200 226    0 32  211 121 216 108  1 0 65535 1 1526 1526 1 1 6
0 32  191 132 200 226    0 32    5  51  26 224  1 0 65535 1 6000 6000 1 1 6
0 32  191 132 200 226    0 32    5  51  26 228  1 0 65535 1 1704 1704 1 1 6
0 32  191 132 200 226    0 32    5  51  26 228  1 0 65535 1 1521 1521 1 1 6
0 32  191 132 200 226    0 32    5  51  26 228  1 0 65535 1 1733 1733 1 1 6
0 32  191 132 200 242    0 32    5  52 127  45  1 0 65535 1 1521 1521 1 1 6
0 32  191 132 200 242    0 32    5  52 127  45  1 0 65535 1 1715 1715 1 1 6
0 32  191 132 200 243    0 32    6  67  66 106  1 0 65535 1 1525 1525 1 1 6
0 32  191 132 200 254    0 32    6  67  66 106  1 0 65535 1 5541 5541 1 1 6
0 32  191 132 200 254    0 32    6  67  66 106  1 0 65535 1 2110 2110 1 1 6
0 32  191 132 200 254    0 32    6  64 116 129  1 0 65535 1 6790 6790 1 1 6
0 32  191 132 200 254    0 32  191 132 207 249  1 0 65535 1 6000 6000 1 1 6
0 32  191 132 200 254    0 32    6  64 173 128  1 0 65535 1 1521 1521 1 1 6
0 32  191 132 200 254    0 32    6  64 173  66  1 0 65535 1 1221 1221 1 1 6
0 32  191 132 200 254    0 32  187  53  66  98  1 0 65535 1 1708 1708 1 1 6
0 32  191 132 200 254    0 32    6  65 219  64  1 0 65535 1 1433 1433 1 1 6
0 32   90  10  19  79    0 32  171  98 124 166  1 0 65535 1 1712 1712 1 1 6
0 32   90  10  19  79    0 32  179 222 239 243  1 0 65535 1 20 20 1 1 6
0 32   90  10  19  78    0 32  179 222 255 148  1 0 65535 1 1711 1711 1 1 6
0 32   90  10  19  78    0 32  179 222 255  75  1 0 65535 1 1704 1704 1 1 6
0 32   90  10  19  78    0 32  181 136 176  69  1 0 65535 1 1733 1733 1 1 6
0 32   90  10  19  78    0 32  181 136 176 126  1 0 65535 1 1705 1705 1 1 6
0 32   90  10  19  78    0 32  181 136 176 125  1 0 65535 1 1704 1704 1 1 6
0 32   90  10  19  78    0 32  181 100 192 199  1 0 65535 1 1526 1526 1 1 6
0 32   90  10  19  68    0 32  181 100 192 198  1 0 65535 1 5555 5555 1 1 6
0 32   90  10  19  68    0 32  181  96 191 170  1 0 65535 1 1734 1734 1 1 6
0 32   90  10  19  68    0 32  181  96 191 170  1 0 65535 1 1711 1711 1 1 6
0 32   90  10  19  68    0 32   69  57  18 100  1 0 65535 1 1715 1715 1 1 6
0 32   90  10  19  68    0 32  181  96 191 170  1 0 65535 1 1724 1724 1 1 6
0 32   90  10  19  68    0 32  186  11 102  31  1 0 65535 1 32201 32201 1 1 6
0 32   90  10  19  68    0 32  186   4 168 199  1 0 65535 1 1526 1526 1 1 6
0 32   90  10  19  68    0 32  186   4 168 199  1 0 65535 1 5541 5541 1 1 6
0 32   90  10  19  68    0 32    6  65 142  43  1 0 65535 1 1711 1711 1 1 6
0 32   90  10  19  68    0 32  187  61 112  55  1 0 65535 1 14753 14753 1 1 6
0 32   90  10  19  68    0 32  191  29  74 169  1 0 65535 1 1707 1707 1 1 6
0 32   90  10  19  68    0 32  191  29  74  31  1 0 65535 1 1733 1733 1 1 6
0 32   90  10  19  68    0 32  191 132 173  85  1 0 65535 1 5555 5555 1 1 17
0 32   90  10  19  90    0 32  191 132 173  89  1 0 65535 1 1521 1521 1 1 6
0 32   90  10  19  90    0 32  191 132 172 168  1 0 65535 1 6889 6889 1 1 6
0 32   90  10  19  90    0 32  191 132 172 168  1 0 65535 1 21 21 1 1 6
0 32   90  10  19  90    0 32  191 132 172 168  1 0 65535 1 5540 5540 1 1 6
0 32   90  10  19  90    0 32    6  65 142  43  1 0 65535 1 21 21 1 1 6
0 32   90  10  19  90    0 32   90  10  21 203  1 0 65535 1 1526 1526 1 1 6
0 32   90  10  19  90    0 32  191 132 172 168  1 0 65535 1 30211 30211 1 1 6
0 32   90  10  19  90    0 32   90  10  21 203  1 0 65535 1 14753 14753 1 1 6
0 32   90  10  19  90    0 32  191 132 207 249  1 0 65535 1 1433 1433 1 1 6
0 32   90  10  19  90    0 32  191 132 207 249  1 0 65535 1 20 20 1 1 6
0 32   90  10  19  90    0 32  236 203  38  90  1 0 65535 1 1221 1221 1 1 6
0 32   90  10  19  90    0 32  251 199 226 238  1 0 65535 1 5541 5541 1 1 6
0 32   90  10  19  91    0 32   90  10  21 203  1 0 65535 1 1521 1521 1 1 6
0 32   90  10  19  91    0 32  251 248 149 219  1 0 65535 1 6790 6790 1 1 6
0 32   90  10  19  91    0 32    6  65 142  43  1 0 65535 1 1526 1526 1 1 6
0 32   90  10  19  91    0 32  244 185 169 151  1 0 65535 1 1521 1521 1 1 6
0 32   90  10  19  91    0 32   90  10  21 203  1 0 65535 1 1525 1525 1 1 6
0 32   90  10  19  91    0 32  244 180  27 159  1 0 65535 1 7205 7205 1 1 6
0 32   90  10  19  91    0 32  244 180  27 159  1 0 65535 1 1521 1521 1 1 6
0 32   90  10  19  91    0 32  244 178 230  28  1 0 65535 1 2110 2110 1 1 6
0 32   90  10  19  91    0 32  244 178 230  28  1 0 65535 1 1521 1521 1 1 6
0 32   90  10  19  91    0 32    6  65 142  43  1 0 65535 1 1521 1521 1 1 6
0 32   90  10  19  91    0 32  244 178 230 134  1 0 65535 1 1352 1352 1 1 6
0 32   90  10  19  91    0 32  244 178 230 134  1 0 65535 1 27400 27400 1 1 6
0 32   90  10  19  91    0 32    6  65 142  43  1 0 65535 1 19856 19856 1 1 6
0 32   90  10  19  91    0 32  244 178 230 134  1 0 65535 1 1708 1708 1 1 6
0 32   90  10  19  91    0 32    6  65 142  43  1 0 65535 1 1711 1711 1 1 6
0 32   90  10  19 112    0 32  204  47   2 118  1 0 65535 1 1526 1526 1 1 6
0 32   90  10  19 112    0 32    6  65 142  43  1 0 65535 1 1708 1708 1 1 6
0 32   90  10  19 112    0 32  197 212  20  51  1 0 65535 1 5555 5555 1 1 6
0 32   90  10  19 112    0 32  199 140   5 151  1 0 65535 1 1712 1712 1 1 6
0 32   90  10  19 112    0 32    6  65 142  43  1 0 65535 1 6889 6889 1 1 6
0 32   90  10  19 112    0 32  195 181 133 250  1 0 65535 1 1526 1526 1 1 6
0 32   90  10  19 112    0 32  195 183 185  55  1 0 65535 1 80 80 1 1 6
0 32   90  10  19 112    0 32  195 183 185 146  1 0 65535 1 2051 2051 1 1 6
0 32   90  10  19 113    0 32  195 183 185 146  1 0 65535 1 1724 1724 1 1 6
0 32   90  10  19 113    0 32   95  25 228 195  1 0 65535 1 1707 1707 1 1 6
0 32   90  10  19 113    0 32  214   1 226 150  1 0 65535 1 6790 6790 1 1 17
0 32   90  10  19 113    0 32  214   1 226 150  1 0 65535 1 1521 1521 1 1 6
0 32   90  10  19 113    0 32    6  65 142  43  1 0 65535 1 6889 6889 1 1 6
0 32   90  10  19 113    0 32  214   1 226 150  1 0 65535 1 1717 1717 1 1 6
0 32   90  10  19 113    0 32  214  12  21 246  1 0 65535 1 1433 1433 1 1 6
0 32   90  10  19 113    0 32  214  12  21 246  1 0 65535 1 5540 5540 1 1 6
0 32   90  10  19 113    0 32  214  14  94   2  1 0 65535 1 1724 1724 1 1 6
0 32   90  10  19 113    0 32    6  65 142  43  1 0 65535 1 1490 1490 1 1 17
0 32   90  10  19 113    0 32  214  14  94  88  1 0 65535 1 5632 5632 1 1 6
0 32   90  10  19 113    0 32  214  14  93 191  1 0 65535 1 6789 6789 1 1 6
0 32   90  10  19 113    0 32  211  67   9  38  1 0 65535 1 1433 1433 1 1 6
0 32   90  10  19 113    0 32  211  67   9  38  1 0 65535 1 1521 1521 1 1 6
0 32   90  10  19 113    0 32  211  70 105  13  1 0 65535 1 6000 6000 1 1 6
0 32   90  10  19 113    0 32  211  70 105   3  1 0 65535 1 80 80 1 1 6
0 32   90  10  19 122    0 32  211  70 105  60  1 0 65535 1 135 135 1 1 6
0 32   90  10  19 122    0 32  211  72 234 247  1 0 65535 1 1707 1707 1 1 6
0 32   90  10  19 122    0 32  211  78 235 128  1 0 65535 1 5555 5555 1 1 6
0 32   90  10  19 122    0 32  211  78 238 135  1 0 65535 1 1526 1526 1 1 6
0 32   90  10  19 122    0 32  211  78 154 135  1 0 65535 1 1521 1521 1 1 6
0 32   90  10  19 122    0 32    6  65 142  43  1 0 65535 1 135 135 1 1 6
0 32   90  10  19 122    0 32  211  78 154 135  1 0 65535 1 14753 14753 1 1 6
0 32   90  10  19 122    0 32  211  78 154 135  1 0 65535 1 1715 1715 1 1 6
0 32   90  10  19 122    0 32  211  78 154 135  1 0 65535 1 5631 5631 1 1 6
0 32   90  10  19 122    0 32  211  78 154 135  1 0 65535 1 2121 2121 1 1 6
0 32   90  10  19 122    0 32   90  10  21 203  1 0 65535 1 1540 1540 1 1 6
0 32   90  10  19 122    0 32  211 121 216 108  1 0 65535 1 14753 14753 1 1 6
0 32   90  10  19 122    0 32  211 121 216 108  1 0 65535 1 20 20 1 1 6
0 32   90  10  19 122    0 32  211 121 216 108  1 0 65535 1 1432 1432 1 1 6
0 32   90  10  19 123    0 32  211 121 216 108  1 0 65535 1 1717 1717 1 1 6
0 32   90  10  19 123    0 32  211 121 216 108  1 0 65535 1 1526 1526 1 1 6
0 32   90  10  19 123    0 32  211 121 216 108  1 0 65535 1 1706 1706 1 1 6
0 32   90  10  19 123    0 32   81  17 236 144  1 0 65535 1 1521 1521 1 1 6
0 32   90  10  19 123    0 32   81  17 236 144  1 0 65535 1 7205 7205 1 1 6
0 32   90  10  19 123    0 32  211 121 216 108  1 0 65535 1 1733 1733 1 1 6
0 32   90  10  19 123    0 32  211 121 216 108  1 0 65535 1 1521 1521 1 1 6
0 32   90  10  19 123    0 32  211 121 216 108  1 0 65535 1 1707 1707 1 1 6
0 32   90  10  19 123    0 32   81  17 236 144  1 0 65535 1 6790 6790 1 1 6
0 32   90  10  19 123    0 32  211 121 216 108  1 0 65535 1 1490 1490 1 1 6
0 32   90  10  19 123    0 32    6  65 142  43  1 0 65535 1 1433 1433 1 1 6
0 32   90  10  19 123    0 32    6  65 142  43  1 0 65535 1 14753 14753 1 1 6
0 32   90  10  19 123    0 32  211 121 216 108  1 0 65535 1 5555 5555 1 1 6
0 32   90  10  19 123    0 32  211 121 216 108  1 0 65535 1 1433 1433 1 1 6
0 32   90  10  19 123    0 32  211 121 216 108  1 0 65535 1 5543 5543 1 1 6
0 32   90  10  19 123    0 32   95  25 228 195  1 0 65535 1 1706 1706 1 1 6
0 32   90  10  19 123    0 32    6  65 142  43  1 0 65535 1 32201 32201 1 1 6
0 32   90  10  19 123    0 32  211 121 216 108  1 0 65535 1 20 20 1 1 6
0 32   90  10  19 123    0 32  211 121 216 108  1 0 65535 1 32200 32200 1 1 6
0 32   90  10  19 123    0 32    6  65 142  43  1 0 65535 1 1715 1715 1 1 6
0 32   90  10  19 123    0 32    6  65 142  43  1 0 65535 1 1734 1734 1 1 6
0 32   90  10  19 123    0 32  211 121 216 108  1 0 65535 1 6000 6000 1 1 6
0 32   90  10  19 123    0 32  211 121 216 108  1 0 65535 1 5542 5542 1 1 6
0 32   90  10  19 123    0 32  211 121 216 108  1 0 65535 1 1711 1711 1 1 6
0 32   90  10  19 123    0 32   90  10  21 203  1 0 65535 1 1712 1712 1 1 6
0 32   90  10  19 123    0 32    6  65 142  43  1 0 65535 1 1525 1525 1 1 6
0 32  191 132 200 201    0 32   80  10 228 120  1 0 65535 1 1526 1526 1 1 6
0 32  191 132 200 201    0 32  211 121 216 108  1 0 65535 1 1705 1705 1 1 6
0 32  191 132 200 201    0 32   80  10 247 160  1 0 65535 1 6000 6000 1 1 6
0 32  191 132 200 201    0 32   80  10 247 160  1 0 65535 1 5541 5541 1 1 6
0 32  191 132 200 201    0 32  166  15  95  21  1 0 65535 1 1724 1724 1 1 6
0 32  191 132 200 201    0 32   81 207 197   2  1 0 65535 1 20 20 1 1 6
0 32  191 132 200 201    0 32   81  17 236 145  1 0 65535 1 1717 1717 1 1 6
0 32  191 132 200 201    0 32   81  17 236 145  1 0 65535 1 1490 1490 1 1 6
0 32  191 132 200 201    0 32  211 121 216 108  1 0 65535 1 1521 1521 1 1 6
0 32  191 132 200 192    0 32   81  17 236 144  1 0 65535 1 1433 1433 1 1 6
0 32  191 132 200 192    0 32   81  17 236 144  1 0 65535 1 1706 1706 1 1 6
0 32  191 132 200 192    0 32   95  27  60  50  1 0 65535 1 1526 1526 1 1 6
0 32  191 132 200 192    0 32  191 132 207 249  1 0 65535 1 1433 1433 1 1 6
0 32  191 132 200 192    0 32   95  27  57  11  1 0 65535 1 1724 1724 1 1 6
0 32  191 132 200 192    0 32  211 121 216 108  1 0 65535 1 1521 1521 1 1 6
0 32  191 132 200 192    0 32  211 121 216 108  1 0 65535 1 14753 14753 1 1 6
0 32  191 132 200 192    0 32   90 165  92 219  1 0 65535 1 1724 1724 1 1 6
0 32  191 132 200 192    0 32   90 166 249 141  1 0 65535 1 5541 5541 1 1 6
0 32  191 132 200 192    0 32   90 166 249 141  1 0 65535 1 1711 1711 1 1 6
0 32  191 132 200 192    0 32   90 166 209 151  1 0 65535 1 6789 6789 1 1 6
0 32  191 132 200 192    0 32   90 166 209 151  1 0 65535 1 1724 1724 1 1 6
0 32  191 132 200 192    0 32   90 166 209 151  1 0 65535 1 1717 1717 1 1 6
0 32  191 132 200 192    0 32  187  53  54  35  1 0 65535 1 1705 1705 1 1 6
0 32  191 132 200 192    0 32   90  10  37 178  1 0 65535 1 2110 2110 1 1 6
0 32  191 132 200 192    0 32  191 132 207 249  1 0 65535 1 6000 6000 1 1 6
0 32  191 132 200 192    0 32   90  10  37 233  1 0 65535 1 55444 55444 1 1 6
0 32  191 132 200 192    0 32   90  10  33  31  1 0 65535 1 1525 1525 1 1 6
0 32  191 132 200 192    0 32   90  10  33  31  1 0 65535 1 1521 1521 1 1 6
0 32  191 132 200 192    0 32   90  10  33  24  1 0 65535 1 31000 31000 1 1 6
0 32  191 132 200 212    0 32  211 121 216 108  1 0 65535 1 1734 1734 1 1 6
0 32  191 132 200 212    0 32   90  10  33  24  1 0 65535 1 1707 1707 1 1 6
0 32  191 132 200 212    0 32  211 121 216 108  1 0 65535 1 5555 5555 1 1 6
0 32  191 132 200 212    0 32   90  10  33  24  1 0 65535 1 1712 1712 1 1 6
0 32  191 132 200 212    0 32   90  10  33  24  1 0 65535 1 5540 5540 1 1 6
0 32  191 132 200 212    0 32   90  10  21 202  1 0 65535 1 1521 1521 1 1 6
0 32  191 132 200 212    0 32   90  10  21 202  1 0 65535 1 135 135 1 1 6
0 32  191 132 200 212    0 32  211 121 216 108  1 0 65535 1 1221 1221 1 1 6
0 32  191 132 200 212    0 32   90  10  21 202  1 0 65535 1 1221 1221 1 1 6
0 32  191 132 200 212    0 32   90  10  21 202  1 0 65535 1 1715 1715 1 1 6
0 32  191 132 200 212    0 32   90  10  21 202  1 0 65535 1 1352 1352 1 1 6
0 32  191 132 200 212    0 32   90  10  21 202  1 0 65535 1 27000 27000 1 1 6
0 32  191 132 200 212    0 32   90  10  21 203  1 0 65535 1 1715 1715 1 1 6
0 32  191 132 200 212    0 32  181  96 191 188  1 0 65535 1 1708 1708 1 1 6
0 32  191 132 200 212    0 32   90  10  21 203  1 0 65535 1 5540 5540 1 1 6
0 32  191 132 200 221    0 32   90  10  21 203  1 0 65535 1 1521 1521 1 1 6
0 32  191 132 200 221    0 32   90  10  21 203  1 0 65535 1 1734 1734 1 1 6
0 32  191 132 200 221    0 32   29  29 131 120  1 0 65535 1 1526 1526 1 1 6
0 32  191 132 200 221    0 32  191 132 207 249  1 0 65535 1 1717 1717 1 1 6
0 32  191 132 200 221    0 32   16 253  48 179  1 0 65535 1 1433 1433 1 1 6
0 32  191 132 200 221    0 32   21 197 171 183  1 0 65535 1 5632 5632 1 1 6
0 32  191 132 200 221    0 32   21 212 116  66  1 0 65535 1 20 20 1 1 6
0 32  191 132 200 221    0 32   20 180 195 188  1 0 65535 1 6789 6789 1 1 6
0 32  191 132 200 221    0 32   20 180 195 188  1 0 65535 1 1708 1708 1 1 6
0 32  191 132 200 221    0 32   20 180 195 188  1 0 65535 1 4646 4646 1 1 6
0 32  191 132 200 221    0 32   20 180 195 188  1 0 65535 1 1733 1733 1 1 6
0 32  191 132 200 221    0 32   20 180 195 188  1 0 65535 1 1221 1221 1 1 6
0 32  191 132 200 221    0 32   20 180 195 188  1 0 65535 1 1521 1521 1 1 6
0 32  191 132 200 221    0 32   10 204  98  40  1 0 65535 1 1526 1526 1 1 6
0 32  191 132 200 221    0 32   10 204  97  68  1 0 65535 1 1705 1705 1 1 6
0 32  191 132 200 221    0 32   10 204  97  68  1 0 65535 1 1707 1707 1 1 6
0 32  191 132 200 221    0 32   13 176 211 187  1 0 65535 1 31000 31000 1 1 6
0 32  191 132 200 221    0 32   13 183   0  58  1 0 65535 1 5631 5631 1 1 6
0 32  191 132 200 221    0 32   13 183 125 113  1 0 65535 1 80 80 1 1 6
0 32  191 132 200 221    0 32  211 121 216 108  1 0 65535 1 6890 6890 1 1 6
0 32  191 132 200 221    0 32   13 171 196 153  1 0 65535 1 1526 1526 1 1 6
0 32  191 132 200 235    0 32   13   0  15  48  1 0 65535 1 14753 14753 1 1 6
0 32  191 132 200 235    0 32  211 121 216 108  1 0 65535 1 1521 1521 1 1 6
0 32  191 132 200 235    0 32   13 124 226 104  1 0 65535 1 1526 1526 1 1 6
0 32  191 132 200 235    0 32   13 124 226 105  1 0 65535 1 1706 1706 1 1 6
0 32  191 132 200 235    0 32   13 124 226 105  1 0 65535 1 1708 1708 1 1 6
0 32  191 132 200 235    0 32   13 124 226 105  1 0 65535 1 1525 1525 1 1 6
0 32  191 132 200 235    0 32   13 124 226 105  1 0 65535 1 1521 1521 1 1 6
0 32  191 132 200 235    0 32   13 124 226 105  1 0 65535 1 1490 1490 1 1 6
0 32  191 132 200 235    0 32  211 121 216 108  1 0 65535 1 1711 1711 1 1 6
0 32  191 132 200 235    0 32   13 116 207  75  1 0 65535 1 5540 5540 1 1 6
0 32  191 132 200 235    0 32   13 116 207  75  1 0 65535 1 1715 1715 1 1 6
0 32  191 132 200 235    0 32   13 116 190 108  1 0 65535 1 1521 1521 1 1 6
0 32  191 132 200 235    0 32   13 116 190 108  1 0 65535 1 1704 1704 1 1 6
0 32  191 132 200 226    0 32  211 121 216 108  1 0 65535 1 1521 1521 1 1 6
0 32  191 132 200 226    0 32  191 132 207 249  1 0 65535 1 1711 1711 1 1 6
0 32  191 132 200 226    0 32   13 116 190 108  1 0 65535 1 1521 1521 1 1 6
0 32  191 132 200 226    0 32  191 132 207 249  1 0 65535 1 1600 1600 1 1 6
0 32  191 132 200 226    0 32  191 132 207 249  1 0 65535 1 1221 1221 1 1 6
0 32  191 132 200 226    0 32  191 132 207 249  1 0 65535 1 1521 1521 1 1 6
0 32  191 132 200 226    0 32   13 116 190 108  1 0 65535 1 1221 1221 1 1 6
0 32  191 132 200 226    0 32   13 116 190 108  1 0 65535 1 5632 5632 1 1 6
0 32  191 132 200 226    0 32   13 116 190 108  1 0 65535 1 135 135 1 1 6
0 32  191 132 200 226    0 32  211 121 216 108  1 0 65535 1 1712 1712 1 1 6
0 32  191 132 200 226    0 32   13 116 190 108  1 0 65535 1 5555 5555 1 1 6
0 32  191 132 200 226    0 32   13 116 190 108  1 0 65535 1 1433 1433 1 1 6
0 32  191 132 200 226    0 32    5  51  23 206  1 0 65535 1 1221 1221 1 1 6
0 32  191 132 200 226    0 32    5  51  23 206  1 0 65535 1 5555 5555 1 1 6
0 32  191 132 200 226    0 32    5  51  22 173  1 0 65535 1 1526 1526 1 1 6
0 32  191 132 200 226    0 32    5  51  26 224  1 0 65535 1 1711 1711 1 1 6
0 32  191 132 200 226    0 32    5  51  26 224  1 0 65535 1 1521 1521 1 1 6
0 32  191 132 200 226    0 32  187  53   9 108  1 0 65535 1 21 21 1 1 6
0 32  191 132 200 226    0 32    5  51  26 224  1 0 65535 1 3031 3031 1 1 6
0 32  191 132 200 226    0 32  211 121 216 108  1 0 65535 1 6849 6849 1 1 6
0 32  191 132 200 226    0 32    5  51  26 228  1 0 65535 1 1433 1433 1 1 6
0 32  191 132 200 226    0 32    5  52 127  36  1 0 65535 1 1433 1433 1 1 6
0 32  191 132 200 226    0 32    5  52 127  36  1 0 65535 1 1521 1521 1 1 6
0 32  191 132 200 226    0 32    5  52 127  36  1 0 65535 1 14753 14753 1 1 6
0 32  191 132 200 226    0 32    5  52 127  36  1 0 65535 1 5540 5540 1 1 6
0 32  191 132 200 226    0 32    5  52 127  36  1 0 65535 1 1705 1705 1 1 6
0 32  191 132 200 242    0 32  166   9 206 214  1 0 65535 1 1711 1711 1 1 6
0 32  191 132 200 242    0 32    5  52 127  36  1 0 65535 1 1705 1705 1 1 6
0 32  191 132 200 242    0 32    5  52 127  36  1 0 65535 1 6000 6000 1 1 6
0 32  191 132 200 242    0 32    5  52 127  36  1 0 65535 1 1715 1715 1 1 6
0 32  191 132 200 242    0 32    5  52 127  45  1 0 65535 1 1526 1526 1 1 6
0 32  191 132 200 242    0 32    5  52 127  45  1 0 65535 1 1707 1707 1 1 6
0 32  191 132 200 243    0 32    5  52 127  45  1 0 65535 1 1704 1704 1 1 6
0 32  191 132 200 243    0 32    5  52 127  45  1 0 65535 1 1717 1717 1 1 6
0 32  191 132 200 243    0 32    5  52 127  45  1 0 65535 1 1521 1521 1 1 6
0 32  191 132 200 243    0 32    5  52 127  45  1 0 65535 1 1733 1733 1 1 6
0 32  191 132 200 243    0 32    5  52 127  45  1 0 65535 1 1221 1221 1 1 6
0 32  191 132 200 243    0 32    5  52 127  45  1 0 65535 1 1705 1705 1 1 6
0 32  191 132 200 243    0 32    5  52 127  45  1 0 65535 1 1712 1712 1 1 6
0 32  191 132 200 243    0 32    5  52 127  45  1 0 65535 1 20 20 1 1 6
0 32  191 132 200 243    0 32    5  52 127  45  1 0 65535 1 1540 1540 1 1 6
0 32  191 132 200 243    0 32    6  67  66 106  1 0 65535 1 1705 1705 1 1 6
0 32  191 132 200 243    0 32    6  67  66 106  1 0 65535 1 2121 2121 1 1 6
0 32  191 132 200 243    0 32    6  67  66 106  1 0 65535 1 14753 14753 1 1 6
0 32  191 132 200 243    0 32    6  67  66 106  1 0 65535 1 5555 5555 1 1 6
0 32  191 132 200 243    0 32  211 121 216 108  1 0 65535 1 6000 6000 1 1 6
0 32  191 132 200 243    0 32    6  67  66 106  1 0 65535 1 1521 1521 1 1 6
0 32  191 132 200 254    0 32    6  67  66 106  1 0 65535 1 1712 1712 1 1 6
0 32  191 132 200 254    0 32    6  67  66 106  1 0 65535 1 1705 1705 1 1 6
0 32  191 132 200 254    0 32    6  67  66 106  1 0 65535 1 1704 1704 1 1 6
0 32  191 132 200 254    0 32    6  67  66 106  1 0 65535 1 12050 12050 1 1 6
0 32  191 132 200 254    0 32    6  67  66 106  1 0 65535 1 1717 1717 1 1 6
0 32  191 132 200 254    0 32  211 121 216 108  1 0 65535 1 21 21 1 1 6
0 32  191 132 200 254    0 32    6  67  66 106  1 0 65535 1 1521 1521 1 1 6
0 32  191 132 200 254    0 32    6  67  66 106  1 0 65535 1 1526 1526 1 1 6
0 32  191 132 200 254    0 32    6  67  66 106  1 0 65535 1 1433 1433 1 1 6
0 32  191 132 200 254    0 32    6  64 110  68  1 0 65535 1 31000 31000 1 1 6
0 32  191 132 200 254    0 32    6  64 173 128  1 0 65535 1 1706 1706 1 1 6
0 32  191 132 200 254    0 32    6  64 173 128  1 0 65535 1 1521 1521 1 1 6
0 32  191 132 200 254    0 32    6  64 173 128  1 0 65535 1 6000 6000 1 1 6
0 32  191 132 200 254    0 32    6  64 173 128  1 0 65535 1 1712 1712 1 1 6
0 32  191 132 200 254    0 32    6  64 173  66  1 0 65535 1 20 20 1 1 6
0 32  191 132 200 254    0 32    6  64 173  66  1 0 65535 1 1705 1705 1 1 6
0 32  191 132 200 254    0 32  166   9 206 214  1 0 65535 1 5555 5555 1 1 6
0 32  191 132 200 254    0 32  211 121 216 108  1 0 65535 1 32200 32200 1 1 6
0 32  191 132 200 254    0 32    6  64 173  66  1 0 65535 1 1733 1733 1 1 6
0 32  191 132 200 254    0 32    6  64 173  66  1 0 65535 1 1704 1704 1 1 6
0 32  191 132 200 254    0 32    6  65 219  64  1 0 65535 1 1711 1711 1 1 6
0 32  191 132 200 254    0 32    6  65 198 212  1 0 65535 1 1525 1525 1 1 6
0 32  191 132 200 254    0 32  211 121 216 108  1 0 65535 1 5555 5555 1 1 6
0 32  191 132 200 254    0 32    6  65 198 212  1 0 65535 1 6000 6000 1 1 6
0 32  191 132 200 254    0 32    6  65 198 212  1 0 65535 1 1540 1540 1 1 6
0 32  191 132 200 254    0 32  211 121 216 108  1 0 65535 1 1704 1704 1 1 6
0 32  191 132 200 254    0 32    6  65 198 212  1 0 65535 1 6790 6790 1 1 6
0 32  191 132 200 254    0 32  211 121 216 108  1 0 65535 1 1221 1221 1 1 6
0 32  191 132 200 254    0 32    6  65 142  43  1 0 65535 1 5631 5631 1 1 6
0 32  191 132 200 254    0 32    6  65 142  43  1 0 65535 1 6000 6000 1 1 6
0 32  191 132 200 254    0 32    6  65 142  43  1 0 65535 1 30211 30211 1 1 6
0 32  191 132 200 254    0 32    6  65 142  43  1 0 65535 1 1521 1521 1 1 6
0 32  191 132 200 254    0 32    6  65 142  43  1 0 65535 1 1525 1525 1 1 6
0 32  191 132 200 254    0 32    6  65 142  43  1 0 65535 1 1526 1526 1 1 6
0 32  191 132 200 254    0 32    6  65 142  43  1 0 65535 1 1433 1433 1 1 6
0 32   90  10  19  68    0 31  191 132 173  84  1 0 65535 1 5555 5555 1 1 6
0 32   90  10  19  90    0 31  191 132 173  88  1 0 65535 1 6000 6000 1 1 6
0 32   90  10  19  91    0 31  240 212 162  12  1 0 65535 1 30899 30899 1 1 6
0 32   90  10  19  91    0 31    6  65 142  40  1 0 65535 1 1521 1521 1 1 6
0 32   90  10  19  91    0 31   90  10  21 200  1 0 65535 1 1526 1526 1 1 6
0 32   90  10  19 123    0 31   90  10  21 200  1 0 65535 1 1490 1490 1 1 6
0 32  191 132 200 201    0 31  211 121 216 110  1 0 65535 1 1521 1521 1 1 6
0 32  191 132 200 212    0 31   90  10  33  26  1 0 65535 1 1526 1526 1 1 6
0 32  191 132 200 254    0 31  181  96 191 186  1 0 65535 1 1221 1221 1 1 6
0 31   90  10  19  88    0 32  244 178 230 134  1 0 65535 1 1526 1526 1 1 6
0 31   90  10  19 120    0 32  211 121 216 108  1 0 65535 1 5543 5543 1 1 6
0 31  191 132 200 202    0 32  191 132 207 249  1 0 65535 1 31000 31000 1 1 6
0 31  191 132 200 194    0 32   95 176  45   7  1 0 65535 1 1490 1490 1 1 6
0 31  191 132 200 194    0 32  191 132 207 249  1 0 65535 1 7205 7205 1 1 6
0 31  191 132 200 214    0 32  211 121 216 108  1 0 65535 1 1707 1707 1 1 6
0 31  191 132 200 214    0 32   90  10  21 202  1 0 65535 1 135 135 1 1 6
0 31  191 132 200 222    0 32   10 206   3  75  1 0 65535 1 2308 2308 1 1 6
0 31  191 132 200 232    0 32   13 171 196 153  1 0 65535 1 2121 2121 1 1 6
0 31  191 132 200 224    0 32  166  15  67 161  1 0 65535 1 1521 1521 1 1 6
0 31  191 132 200 252    0 32    6  65 142  43  1 0 65535 1 1717 1717 1 1 6
0 32   90  10  19  78    0 31  181 136 176  66  1 0 65535 1 1221 1221 1 1 6
0 32   90  10  19  68    0 31  181 100 193  12  1 0 65535 1 32200 32200 1 1 6
0 32   90  10  19  68    0 31  186   6 236  50  1 0 65535 1 1221 1221 1 1 6
0 32   90  10  19  68    0 31  187  61 112  54  1 0 65535 1 5540 5540 1 1 6
0 32   90  10  19  68    0 31  187  61 112  54  1 0 65535 1 1433 1433 1 1 6
0 32   90  10  19  90    0 31  251 196 142  82  1 0 65535 1 1712 1712 1 1 6
0 32   90  10  19 112    0 31  197 225 242 188  1 0 65535 1 12050 12050 1 1 6
0 32   90  10  19 113    0 31  214   1 226 148  1 0 65535 1 1705 1705 1 1 6
0 32   90  10  19 113    0 31  214  14  93 188  1 0 65535 1 1704 1704 1 1 6
0 32   90  10  19 122    0 31  211  74  58  34  1 0 65535 1 5541 5541 1 1 6
0 32   90  10  19 122    0 31  211  78 235 130  1 0 65535 1 6000 6000 1 1 6
0 32   90  10  19 123    0 31  211 121 216 110  1 0 65535 1 6790 6790 1 1 6
0 32   90  10  19 123    0 31  211 121 216 110  1 0 65535 1 1433 1433 1 1 6
0 32   90  10  19 123    0 31    6  65 142  40  1 0 65535 1 1526 1526 1 1 6
0 32   90  10  19 123    0 31  211 121 216 110  1 0 65535 1 5541 5541 1 1 6
0 32   90  10  19 123    0 31  211 121 216 110  1 0 65535 1 1521 1521 1 1 6
0 32   90  10  19 123    0 31  211 121 216 110  1 0 65535 1 1733 1733 1 1 17
0 32  191 132 200 201    0 31  211 121 216 110  1 0 65535 1 1526 1526 1 1 6
0 32  191 132 200 201    0 31   80  10 247 162  1 0 65535 1 15126 15126 1 1 6
0 32  191 132 200 192    0 31   90 164  87 226  1 0 65535 1 1521 1521 1 1 6
0 32  191 132 200 192    0 31  181  96 191 188  1 0 65535 1 1521 1521 1 1 6
0 32  191 132 200 192    0 31  166  15  67  24  1 0 65535 1 135 135 1 1 6
0 32  191 132 200 192    0 31   90  10  37 234  1 0 65535 1 1708 1708 1 1 6
0 32  191 132 200 212    0 31  191 132 207 250  1 0 65535 1 14753 14753 1 1 6
0 32  191 132 200 221    0 31   26   1   3 126  1 0 65535 1 5555 5555 1 1 6
0 32  191 132 200 221    0 31   26   1  15   8  1 0 65535 1 443 443 1 1 6
0 32  191 132 200 221    0 31   19  41 223 212  1 0 65535 1 14753 14753 1 1 6
0 32  191 132 200 221    0 31   21 211 212 150  1 0 65535 1 1521 1521 1 1 6
0 32  191 132 200 221    0 31   21 212 113  96  1 0 65535 1 80 80 1 1 6
0 32  191 132 200 221    0 31   21 212 113 248  1 0 65535 1 1717 1717 1 1 6
0 32  191 132 200 221    0 31  211 121 216 110  1 0 65535 1 12050 12050 1 1 6
0 32  191 132 200 221    0 31   20 180 195 190  1 0 65535 1 6790 6790 1 1 6
0 32  191 132 200 221    0 31   10 206   3  72  1 0 65535 1 5632 5632 1 1 6
0 32  191 132 200 221    0 31   13 171 196 154  1 0 65535 1 1521 1521 1 1 6
0 32  191 132 200 235    0 31   13   0  15 108  1 0 65535 1 1724 1724 1 1 6
0 32  191 132 200 235    0 31   13 124 226 106  1 0 65535 1 1221 1221 1 1 6
0 32  191 132 200 235    0 31   13 124 226 106  1 0 65535 1 2121 2121 1 1 6
0 32  191 132 200 235    0 31   13 124 226 106  1 0 65535 1 1717 1717 1 1 6
0 32  191 132 200 235    0 31   13 116 207  72  1 0 65535 1 1525 1525 1 1 6
0 32  191 132 200 226    0 31   13 116 190 110  1 0 65535 1 20 20 1 1 6
0 32  191 132 200 226    0 31    5  51  22 174  1 0 65535 1 12050 12050 1 1 6
0 32  191 132 200 226    0 31  211 121 216 110  1 0 65535 1 1521 1521 1 1 6
0 32  191 132 200 226    0 31    5  52 127  38  1 0 65535 1 1221 1221 1 1 6
0 32  191 132 200 242    0 31  211 121 216 110  1 0 65535 1 1706 1706 1 1 6
0 32  191 132 200 242    0 31    5  52 127  46  1 0 65535 1 1521 1521 1 1 6
0 32  191 132 200 242    0 31    5  52 127  46  1 0 65535 1 1706 1706 1 1 6
0 32  191 132 200 243    0 31  211 121 216 110  1 0 65535 1 1490 1490 1 1 6
0 32  191 132 200 243    0 31    6  67  66 104  1 0 65535 1 21 21 1 1 6
0 32  191 132 200 243    0 31    6  67  66 104  1 0 65535 1 1521 1521 1 1 6
0 32  191 132 200 254    0 31    6  67  66 104  1 0 65535 1 1711 1711 1 1 6
0 32  191 132 200 254    0 31    6  64 173 130  1 0 65535 1 135 135 1 1 6
0 32  191 132 200 254    0 31    6  64 173  64  1 0 65535 1 1724 1724 1 1 6
0 32  191 132 200 254    0 31    6  64 173  64  1 0 65535 1 1712 1712 1 1 6
0 32  191 132 200 254    0 31    6  65 198 214  1 0 65535 1 1521 1521 1 1 6
0 32  191 132 200 254    0 31  191 132 207 250  1 0 65535 1 1521 1521 1 1 17
0 32  191 132 200 254    0 31    6  65 198 214  1 0 65535 1 5631 5631 1 1 6
0 32  191 132 200 254    0 31    6  65 142  40  1 0 65535 1 1712 1712 1 1 6
0 32  191 132 200 254    0 31  211 121 216 110  1 0 65535 1 1521 1521 1 1 6
0 32   90  10  19  68    0 30  191  24 207 148  1 0 65535 1 443 443 1 1 6
0 32   90  10  19  90    0 30  191 132 207 252  1 0 65535 1 1433 1433 1 1 6
0 32  191 132 200 201    0 30   81  17 236 148  1 0 65535 1 5540 5540 1 1 6
0 32  191 132 200 226    0 30   13 116 190 104  1 0 65535 1 1526 1526 1 1 6
0 32  191 132 200 242    0 30    5  52 127  32  1 0 65535 1 1708 1708 1 1 6
0 31   90  10  19  70    0 31  191 132 173  94  1 0 65535 1 2121 2121 1 1 6
0 31   90  10  19 120    0 31  211 121 216 110  1 0 65535 1 14753 14753 1 1 6
0 31   90  10  19 120    0 31  211 121 216 110  1 0 65535 1 2026 2026 1 1 6
0 31  191 132 200 214    0 31   90  10  21 200  1 0 65535 1 1433 1433 1 1 6
0 31  191 132 200 222    0 31  191 132 207 250  1 0 65535 1 1521 1521 1 1 6
0 31   90  10  19  70    0 32   95  25 228 195  1 0 65535 1 1521 1521 1 1 6
0 31   90  10  19  88    0 32    6  65 142  43  1 0 65535 1 1521 1521 1 1 6
0 31   90  10  19  88    0 32    6  65 142  43  1 0 65535 1 1711 1711 1 1 6
0 31   90  10  19  88    0 32    6  65 142  43  1 0 65535 1 1712 1712 1 1 6
0 31   90  10  19  88    0 32  191 132 207 249  1 0 65535 1 1705 1705 1 1 6
0 31   90  10  19  88    0 32    6  65 142  43  1 0 65535 1 1715 1715 1 1 6
0 31   90  10  19  88    0 32  234 128  10  64  1 0 65535 1 5555 5555 1 1 6
0 31   90  10  19  88    0 32  244 185 169 151  1 0 65535 1 1526 1526 1 1 6
0 31   90  10  19  88    0 32  244 178 230  28  1 0 65535 1 1526 1526 1 1 6
0 31   90  10  19 114    0 32  200 253  63 140  1 0 65535 1 2026 2026 1 1 6
0 31   90  10  19 114    0 32   69  60 154 154  1 0 65535 1 20 20 1 1 6
0 31   90  10  19 114    0 32   95  25 228 195  1 0 65535 1 30211 30211 1 1 6
0 31   90  10  19 114    0 32    6  65 142  43  1 0 65535 1 1526 1526 1 1 6
0 31   90  10  19 114    0 32  214  14  93 191  1 0 65535 1 1221 1221 1 1 6
0 31   90  10  19 114    0 32  211  67   9  38  1 0 65535 1 1526 1526 1 1 6
0 31   90  10  19 120    0 32  211  70 105  60  1 0 65535 1 6890 6890 1 1 6
0 31   90  10  19 120    0 32  211  78 154 135  1 0 65535 1 1521 1521 1 1 6
0 31   90  10  19 120    0 32  211  78 154 135  1 0 65535 1 1707 1707 1 1 6
0 31   90  10  19 120    0 32   81  17 236 144  1 0 65535 1 65500 65500 1 1 6
0 31   90  10  19 120    0 32  211 121 216 108  1 0 65535 1 1521 1521 1 1 6
0 31   90  10  19 120    0 32  211 121 216 108  1 0 65535 1 4646 4646 1 1 6
0 31   90  10  19 120    0 32  211 121 216 108  1 0 65535 1 20 20 1 1 6
0 31   90  10  19 120    0 32  211 121 216 108  1 0 65535 1 14753 14753 1 1 6
0 31  191 132 200 202    0 32   86 173 217 148  1 0 65535 1 1521 1521 1 1 6
0 31  191 132 200 202    0 32   80  10 247 160  1 0 65535 1 1733 1733 1 1 6
0 31  191 132 200 202    0 32   81 207 197   2  1 0 65535 1 1521 1521 1 1 6
0 31  191 132 200 202    0 32   81 207 197 147  1 0 65535 1 30899 30899 1 1 6
0 31  191 132 200 202    0 32   81  17 236 145  1 0 65535 1 1733 1733 1 1 6
0 31  191 132 200 194    0 32   81  17 236 145  1 0 65535 1 1704 1704 1 1 6
0 31  191 132 200 194    0 32   95  27  60  63  1 0 65535 1 1433 1433 1 1 6
0 31  191 132 200 194    0 32   90  10  33  31  1 0 65535 1 1525 1525 1 1 6
0 31  191 132 200 214    0 32   90  10  33  24  1 0 65535 1 15126 15126 1 1 6
0 31  191 132 200 214    0 32  211 121 216 108  1 0 65535 1 1526 1526 1 1 6
0 31  191 132 200 214    0 32   90  10  21 203  1 0 65535 1 1705 1705 1 1 6
0 31  191 132 200 222    0 32   26   1   7  29  1 0 65535 1 1733 1733 1 1 6
0 31  191 132 200 222    0 32  191 132 207 249  1 0 65535 1 1724 1724 1 1 6
0 31  191 132 200 222    0 32   21 194 123 247  1 0 65535 1 135 135 1 1 6
0 31  191 132 200 222    0 32   10 204  99  30  1 0 65535 1 1526 1526 1 1 6
0 31  191 132 200 222    0 32   13 174 247  77  1 0 65535 1 1707 1707 1 1 6
0 31  191 132 200 232    0 32   13 124 226 105  1 0 65535 1 1704 1704 1 1 6
0 31  191 132 200 232    0 32   13 116 207  75  1 0 65535 1 1708 1708 1 1 6
0 31  191 132 200 232    0 32   13 116 207  75  1 0 65535 1 1704 1704 1 1 6
0 31  191 132 200 224    0 32   13 116 190 108  1 0 65535 1 1521 1521 1 1 6
0 31  191 132 200 224    0 32    5  51  23 206  1 0 65535 1 1526 1526 1 1 6
0 31  191 132 200 224    0 32  181  96 191 186  1 0 65535 1 21 21 1 1 6
0 31  191 132 200 224    0 32    5  51  22 168  1 0 65535 1 1704 1704 1 1 6
0 31  191 132 200 224    0 32  211 121 216 108  1 0 65535 1 6000 6000 1 1 6
0 31  191 132 200 240    0 32    5  52 127  36  1 0 65535 1 1715 1715 1 1 6
0 31  191 132 200 240    0 32    5  52 127  45  1 0 65535 1 1433 1433 1 1 6
0 31  191 132 200 240    0 32    5  52 127  45  1 0 65535 1 5540 5540 1 1 6
0 31  191 132 200 240    0 32    6  67  66 106  1 0 65535 1 5555 5555 1 1 6
0 31  191 132 200 240    0 32  211 121 216 108  1 0 65535 1 1521 1521 1 1 6
0 31  191 132 200 252    0 32  191 132 207 249  1 0 65535 1 1724 1724 1 1 6
0 31  191 132 200 252    0 32  191 132 207 249  1 0 65535 1 1521 1521 1 1 6
0 31  191 132 200 252    0 32    6  64 173  66  1 0 65535 1 1706 1706 1 1 6
0 31  191 132 200 252    0 32    6  65 198 212  1 0 65535 1 20 20 1 1 6
0 31  191 132 200 252    0 32    6  65 198 212  1 0 65535 1 5541 5541 1 1 6
0 32   90  10  19  78    0 30   95  25 228 196  1 0 65535 1 1521 1521 1 1 6
0 32   90  10  19  90    0 30    6  65 142  44  1 0 65535 1 3745 3745 1 1 6
0 32   90  10  19  91    0 30  244 185 169 148  1 0 65535 1 1525 1525 1 1 6
0 32   90  10  19  91    0 30  244 178 230 128  1 0 65535 1 15126 15126 1 1 6
0 32   90  10  19 113    0 30  214  14  94  92  1 0 65535 1 1221 1221 1 1 6
0 32   90  10  19 113    0 30  214  14  94  92  1 0 65535 1 3745 3745 1 1 6
0 32   90  10  19 113    0 30  214  14  93 184  1 0 65535 1 31000 31000 1 1 6
0 32   90  10  19 123    0 30  211 121 216 104  1 0 65535 1 1521 1521 1 1 6
0 32   90  10  19 123    0 30  211 121 216 104  1 0 65535 1 1526 1526 1 1 6
0 32  191 132 200 242    0 30    5  52 127  32  1 0 65535 1 1521 1521 1 1 6
0 32  191 132 200 243    0 30  166   9 206 212  1 0 65535 1 1711 1711 1 1 6
0 32  191 132 200 243    0 30    6  67  66 108  1 0 65535 1 1734 1734 1 1 6
0 32  191 132 200 254    0 30    6  67  66 108  1 0 65535 1 1733 1733 1 1 6
0 32  191 132 200 254    0 30  211 121 216 104  1 0 65535 1 30899 30899 1 1 6
0 32  191 132 200 254    0 30    6  64 173  68  1 0 65535 1 1724 1724 1 1 6
0 32  191 132 200 254    0 30    6  65 213 208  1 0 65535 1 1717 1717 1 1 6
0 32  191 132 200 254    0 30    6  65 198 208  1 0 65535 1 1706 1706 1 1 6
0 30   90  10  19  64    0 32  181 100 192 196  1 0 65535 1 1707 1707 1 1 6
0 30   90  10  19 116    0 32    6  65 142  43  1 0 65535 1 1521 1521 1 1 6
0 30  191 132 200 204    0 32   80  10 247 160  1 0 65535 1 1704 1704 1 1 6
0 30  191 132 200 196    0 32   90  10  37 233  1 0 65535 1 1521 1521 1 1 6
0 30  191 132 200 228    0 32   13 116 190 108  1 0 65535 1 1733 1733 1 1 6
0 30  191 132 200 228    0 32  211 121 216 108  1 0 65535 1 1526 1526 1 1 6
0 30  191 132 200 248    0 32    6  67  66 106  1 0 65535 1 20 20 1 1 6
0 31   90  10  19  88    0 31  251 232  37 134  1 0 65535 1 5555 5555 1 1 6
0 31   90  10  19  88    0 31  244 180  27 158  1 0 65535 1 1521 1521 1 1 6
0 31   90  10  19 114    0 31  195 183 185  52  1 0 65535 1 1433 1433 1 1 6
0 31   90  10  19 120    0 31    6  65 142  40  1 0 65535 1 1712 1712 1 1 6
0 31  191 132 200 214    0 31   90  10  33  26  1 0 65535 1 21 21 1 1 6
0 31  191 132 200 222    0 31   20 180 195 190  1 0 65535 1 1724 1724 1 1 6
0 31  191 132 200 222    0 31  211 121 216 110  1 0 65535 1 5541 5541 1 1 6
0 31  191 132 200 224    0 31   13 116 190 110  1 0 65535 1 30210 30210 1 1 6
0 31  191 132 200 224    0 31  211 121 216 110  1 0 65535 1 1221 1221 1 1 6
0 31  191 132 200 224    0 31   13 116 190 110  1 0 65535 1 1712 1712 1 1 6
0 31  191 132 200 252    0 31    6  67  66 104  1 0 65535 1 31000 31000 1 1 6
0 31  191 132 200 252    0 31    6  64 173  64  1 0 65535 1 1704 1704 1 1 6
0 31  191 132 200 252    0 31  211 121 216 110  1 0 65535 1 1733 1733 1 1 6
0 32   90  10  19 113    0 32  214   1 226 150  1 0 65535 1 62400 62409 1 1 6
0 32   90  10  19 122    0 32  211  70 105  60  1 0 65535 1 61300 61309 1 1 6
0 32  191 132 200 221    0 32   90  10  21 203  1 0 65535 1 61200 61209 1 1 6
0 32  191 132 200 221    0 32   26 182  24 171  1 0 65535 1 61800 61809 1 1 6
0 32  191 132 200 243    0 32  211 121 216 108  1 0 65535 1 61400 61409 1 1 6
0 32   90  10  19 113    0 32  214  14  93 191  1 0 65535 1 32200 32207 1 1 6
0 32  191 132 200 221    0 32   20 180 195 188  1 0 65535 1 32200 32207 1 1 6
0 32  191 132 200 192    0 32   90  10  33  31  1 0 65535 1 2200 2210 1 1 6
0 30  191 132 200 228    0 31    5  52 127  38  1 0 65535 1 1521 1521 1 1 6
0 32   90  10  19  79    0 32  164  14 139 197  1 0 65535 1 2200 2210 1 1 6
0 32   90  10  19  78    0 32   90  10  21 203  1 0 65535 1 20000 20010 1 1 6
0 32   90  10  19 122    0 32  211  78 154 135  1 0 65535 1 2200 2210 1 1 6
0 32  191 132 200 221    0 32  211 121 216 108  1 0 65535 1 20000 20010 1 1 6
0 32  191 132 200 226    0 32   13 116 190 108  1 0 65535 1 2200 2210 1 1 6
0 32   90  10  19  78    0 29  179 222 255 144  1 0 65535 1 443 443 1 1 6
0 32   90  10  19  68    0 32   95  25 228 195  1 0 65535 1 62000 62009 1 1 6
0 32   90  10  19  68    0 32    6  65 142  43  1 0 65535 1 61200 61209 1 1 6
0 32   90  10  19  90    0 32  191 132 207 249  1 0 65535 1 61900 61909 1 1 6
0 32   90  10  19  91    0 32  240 129 170 170  1 0 65535 1 61600 61609 1 1 6
0 32   90  10  19  91    0 32  244 178 230  28  1 0 65535 1 62700 62709 1 1 6
0 32   90  10  19 112    0 32  195 183  69 136  1 0 65535 1 61800 61809 1 1 6
0 32   90  10  19 112    0 32  195 183 185  55  1 0 65535 1 62700 62709 1 1 6
0 32   90  10  19 113    0 32  214   1 226 150  1 0 65535 1 61800 61809 1 1 6
0 32   90  10  19 123    0 32  211 121 216 108  1 0 65535 1 61900 61909 1 1 6
0 32  191 132 200 201    0 32   81 181  65   0  1 0 65535 1 62500 62509 1 1 6
0 32  191 132 200 192    0 32   90 164  93  82  1 0 65535 1 62000 62009 1 1 6
0 32  191 132 200 192    0 32   90 166 209 151  1 0 65535 1 61300 61309 1 1 6
0 32  191 132 200 212    0 32  211 121 216 108  1 0 65535 1 61900 61909 1 1 6
0 32  191 132 200 212    0 32   90  10  21 203  1 0 65535 1 62600 62609 1 1 6
0 32  191 132 200 221    0 32  191 132 207 249  1 0 65535 1 61200 61209 1 1 6
0 32  191 132 200 221    0 32   20 180 195 188  1 0 65535 1 32210 32219 1 1 6
0 32  191 132 200 221    0 32   20 180 195 188  1 0 65535 1 61900 61909 1 1 6
0 32  191 132 200 235    0 32  211 121 216 108  1 0 65535 1 62000 62009 1 1 6
0 32  191 132 200 235    0 32   13 116 207  75  1 0 65535 1 62500 62509 1 1 6
0 32  191 132 200 226    0 32   13 116 190 108  1 0 65535 1 61000 61009 1 1 6
0 32  191 132 200 226    0 32  191  29  74  31  1 0 65535 1 61000 61009 1 1 6
0 32  191 132 200 243    0 32    6  67  66 106  1 0 65535 1 61800 61809 1 1 6
0 32  191 132 200 254    0 32    6  67  66 106  1 0 65535 1 61500 61509 1 1 6
0 32  191 132 200 254    0 32    6  64 173  66  1 0 65535 1 62500 62509 1 1 6
0 32  191 132 200 254    0 32  191 132 207 249  1 0 65535 1 61600 61609 1 1 6
0 31   90  10  19  88    0 30   95  25 228 196  1 0 65535 1 1489 1489 1 1 6
0 32   90  10  19 113    0 32  214   1 226 150  1 0 65535 1 62220 62239 1 1 6
0 32  191 132 200 221    0 32   10 206   3  75  1 0 65535 1 32200 32207 1 1 6
0 32  191 132 200 254    0 32  191 132 207 249  1 0 65535 1 32200 32207 1 1 6
0 32  191 132 200 243    0 31    6  67  66 104  1 0 65535 1 20000 20010 1 1 6
0 32  191 132 200 254    0 31    6  65 142  40  1 0 65535 1 62600 62609 1 1 6
0 30  191 132 200 248    0 31    6  65 142  40  1 0 65535 1 1525 1525 1 1 6
0 30   90  10  19  92    0 30  251 248 149 216  1 0 65535 1 1521 1521 1 1 6
0 32   90  10  19  91    0 31  244 191 173  80  1 0 65535 1 61200 61209 1 1 6
0 32   90  10  19 122    0 31  211  72 234 244  1 0 65535 1 61400 61409 1 1 6
0 32  191 132 200 235    0 31   13 124 226 106  1 0 65535 1 61500 61509 1 1 17
0 32  191 132 200 235    0 31   13 116 190 110  1 0 65535 1 61300 61309 1 1 6
0 31   90  10  19 120    0 32  211  74  57  30  1 0 65535 1 61500 61509 1 1 6
0 31   90  10  19 120    0 32  211 121 216 108  1 0 65535 1 62700 62709 1 1 6
0 31  191 132 200 222    0 32   26   1   7  57  1 0 65535 1 61600 61609 1 1 6
0 32   90  10  19 123    0 32    6  65 142  43  1 0 65535 1 1700 1720 1 1 6
0 32  191 132 200 243    0 32    5  52 127  45  1 0 65535 1 1700 1720 1 1 6
0 32  191 132 200 192    0 32  211 121 216 108  1 0 65535 1 61100 61119 1 1 6
0 32  191 132 200 254    0 32  191 132 207 249  1 0 65535 1 62200 62219 1 1 6
0 31  191 132 200 214    0 31   90  10  21 200  1 0 65535 1 61000 61009 1 1 6
0 32  191 132 200 221    0 32   13 174 247 218  1 0 65535 1 1300 1349 1 1 6
0 32  191 132 200 226    0 32    5  51  22 168  1 0 65535 1 1600 1649 1 1 6
0 32  191 132 200 243    0 32    5  52 127  45  1 0 65535 1 1600 1649 1 1 6
0 32  191 132 200 254    0 32    6  64 173  66  1 0 65535 1 1300 1349 1 1 6
0 32  191 132 200 254    0 31    6  64 173 130  1 0 65535 1 2200 2210 1 1 6
0 31   90  10  19  70    0 31  181  96 191 170  1 0 65535 1 62100 62109 1 1 6
0 31   90  10  19  88    0 31  191 132 172 168  1 0 65535 1 61400 61409 1 1 6
0 31   90  10  19  88    0 31  251 232  34  56  1 0 65535 1 61300 61309 1 1 6
0 31   90  10  19 120    0 31  211 121 216 110  1 0 65535 1 61800 61809 1 1 6
0 31  191 132 200 224    0 31    5  51  26 230  1 0 65535 1 62600 62609 1 1 6
0 32   90  10  19  90    0 32  191 132 172 168  1 0 65535 1 1600 1649 1 1 6
0 32   90  10  19  91    0 32  244 185 169 151  1 0 65535 1 1300 1349 1 1 6
0 32   90  10  19 122    0 32  211  72 235 169  1 0 65535 1 1300 1349 1 1 6
0 32   90  10  19 123    0 32  211 121 216 108  1 0 65535 1 1600 1649 1 1 6
0 32  191 132 200 201    0 32   80  10 247 160  1 0 65535 1 1300 1349 1 1 6
0 32  191 132 200 221    0 32   13 171 196 141  1 0 65535 1 1600 1649 1 1 6
0 32  191 132 200 226    0 32    5  51  26 224  1 0 65535 1 1300 1349 1 1 6
0 32  191 132 200 243    0 32    6  67  66 106  1 0 65535 1 1300 1349 1 1 6
0 32  191 132 200 254    0 32    6  65 198 212  1 0 65535 1 1600 1649 1 1 6
0 32  191 132 200 254    0 32  211 121 216 108  1 0 65535 1 1300 1349 1 1 6
0 32   90  10  19  90    0 32  191 132 207 249  1 0 65535 1 7500 7599 1 1 6
0 32   90  10  19 123    0 32  211 121 216 108  1 0 65535 1 7500 7599 1 1 6
0 32   90  10  19  91    0 32  251 247 101 217  1 0 65535 1 8000 8100 1 1 6
0 32  191 132 200 212    0 32   90  10  21 202  1 0 65535 1 8000 8100 1 1 6
0 32   90  10  19  91    0 32  251 248 149 236  1 0 65535 1 1300 1350 1 1 6
0 32   90  10  19 122    0 32  211  78 238 135  1 0 65535 1 1700 1750 1 1 6
0 32  191 132 200 192    0 32   90 165 154 181  1 0 65535 1 1700 1750 1 1 6
0 32  191 132 200 212    0 32  211 121 216 108  1 0 65535 1 1300 1350 1 1 6
0 32  191 132 200 221    0 32   90  10  21 203  1 0 65535 1 1600 1650 1 1 6
0 32  191 132 200 242    0 32    5  52 127  45  1 0 65535 1 1700 1750 1 1 6
0 32   90  10  19 122    0 31    6  65 142  40  1 0 65535 1 62220 62239 1 1 6
0 32   90  10  19 122    0 32  211 121 216 108  1 0 65535 1 62200 62239 1 1 6
0 32  191 132 200 192    0 31   90  10  37 188  1 0 65535 1 1700 1720 1 1 6
0 31  191 132 200 224    0 32   13 116 190 108  1 0 65535 1 1700 1720 1 1 6
0 32  191 132 200 242    0 31  181  96 191 186  1 0 65535 1 62200 62239 1 1 6
0 30  191 132 200 248    0 32  191 132 207 249  1 0 65535 1 32200 32207 1 1 6
0 32   90  10  19 113    0 31  214   1 226 148  1 0 65535 1 1600 1649 1 1 6
0 32  191 132 200 212    0 31   90  10  33  26  1 0 65535 1 1600 1649 1 1 6
0 32  191 132 200 254    0 31    6  67  66 104  1 0 65535 1 1600 1649 1 1 6
0 32  191 132 200 254    0 31    6  65 198 214  1 0 65535 1 1300 1349 1 1 6
0 32   90  10  19 113    0 31  214  14  93 188  1 0 65535 1 1300 1350 1 1 6
0 31   90  10  19 120    0 32    6  65 142  43  1 0 65535 1 1600 1649 1 1 6
0 31  191 132 200 214    0 32   90  10  21 203  1 0 65535 1 1600 1649 1 1 6
0 32  191 132 200 201    0 32  211 121 216 108  1 0 65535 1 7500 7599 1 1 6
0 32  191 132 200 254    0 32    6  65 142  43  1 0 65535 1 7500 7599 1 1 6
0 31  191 132 200 240    0 31    6  67  66 104  1 0 65535 1 61100 61119 1 1 6
0 25   90  10  19 128    0 32  244 185 169 151  1 0 65535 1 80 80 1 1 6
0 32   90  10  19 113    0 24  214  14  92   0  1 0 65535 1 14753 14753 1 1 6
0 30   90  10  19 124    0 32  211  70 105  60  1 0 65535 1 1300 1350 1 1 6
0 30  191 132 200 248    0 32    6  67  66 106  1 0 65535 1 1700 1750 1 1 6
0 32   90  10  19 123    0 30  211 121 216 104  1 0 65535 1 1600 1649 1 1 6
0 24  191 132 201   0    0 32   90  10  21 202  1 0 65535 1 6000 6000 1 1 6
0 31  191 132 200 222    0 32   13 171 196 142  1 0 65535 1 7500 7599 1 1 6
0 31  191 132 200 224    0 31    5  51  26 230  1 0 65535 1 1300 1350 1 1 6
0 32  191 132 200 254    0 31    6  65 142  40  1 0 65535 1 7500 7599 1 1 6
0 24   90  10  18   0    0 32    6  65 142  43  1 0 65535 1 1704 1704 1 1 6
0 24   90  10  18   0    0 31  214   1 226 148  1 0 65535 1 1525 1525 1 1 6
0 24  191 132 201   0    0 31   13 116 207  72  1 0 65535 1 1521 1521 1 1 6
0 32  191 132 200 192    0 24  211 121 217   0  1 0 65535 1 1433 1433 1 1 6
0 32  191 132 200 254    0 24    6  64 172   0  1 0 65535 1 14753 14753 1 1 6
0 23  191 132 202   0    0 32  191 132 207 249  1 0 65535 1 14753 14753 1 1 6
0 23   90  10  16   0    0 32  191  24 207 226  1 0 65535 1 1733 1733 1 1 6
0 23   90  10  16   0    0 32  191 132 172 168  1 0 65535 1 1521 1521 1 1 6
0 23   90  10  16   0    0 32  227  31  60 110  1 0 65535 1 1521 1521 1 1 6
0 23   90  10  16   0    0 32  251 198  98 175  1 0 65535 1 1711 1711 1 1 6
0 23   90  10  16   0    0 32  214  12  21 246  1 0 65535 1 1433 1433 1 1 6
0 23  191 132 202   0    0 32   16 253  48 233  1 0 65535 1 1717 1717 1 1 6
0 23  191 132 202   0    0 32   13 116 207  75  1 0 65535 1 1521 1521 1 1 6
0 23  191 132 202   0    0 32    5  52 127  45  1 0 65535 1 5555 5555 1 1 6
0 23  191 132 202   0    0 32    6  67  66 106  1 0 65535 1 1221 1221 1 1 17
0 32   90  10  19 122    0 22    6  65 136   0  1 0 65535 1 6849 6849 1 1 6
0 32  191 132 200 254    0 22    6  64 168   0  1 0 65535 1 1600 1600 1 1 6
0 24  191 132 201   0    0 31   10 206   3  82  1 0 65535 1 1526 1526 1 1 6
0 31  191 132 200 232    0 23  191 132 204   0  1 0 65535 1 5540 5540 1 1 6
0 31   90  10  19  88    0 22  191 132 204   0  1 0 65535 1 443 443 1 1 6
0 31   90  10  19 114    0 22  200 249 236   0  1 0 65535 1 1711 1711 1 1 6
0 32   90  10  19 112    0 22  195 181 156   0  1 0 65535 1 1526 1526 1 1 6
0 32  191 132 200 221    0 22  211 121 220   0  1 0 65535 1 135 135 1 1 6
0 32  191 132 200 221    0 22   13 174 240   0  1 0 65535 1 1433 1433 1 1 6
0 32  191 132 200 243    0 22    5  52 120   0  1 0 65535 1 1521 1521 1 1 6
0 32  191 132 200 254    0 22    6  65 192   0  1 0 65535 1 1526 1526 1 1 6
0 31   90  10  19 114    0 23  211  67  10   0  1 0 65535 1 1711 1711 1 1 6
0 30   90  10  19  72    0 23    6  65 140   0  1 0 65535 1 1521 1521 1 1 6
0 30   90  10  19  92    0 23  251 196 142   0  1 0 65535 1 1708 1708 1 1 6
0 30  191 132 200 196    0 23   81  17 238   0  1 0 65535 1 1521 1521 1 1 6
0 32   90  10  19  79    0 21   90 166 216   0  1 0 65535 1 1706 1706 1 1 6
0 22   90  10  16   0    0 31  236  90 127  54  1 0 65535 1 1526 1526 1 1 6
0 31   90  10  19 120    0 21  211 121 208   0  1 0 65535 1 1526 1526 1 1 6
0 31   90  10  19 120    0 22    6  65 136   0  1 0 65535 1 1521 1521 1 1 6
0 31   90  10  19 120    0 22  211 121 220   0  1 0 65535 1 27400 27400 1 1 6
0 31  191 132 200 232    0 22   13 171 192   0  1 0 65535 1 2110 2110 1 1 6
0 31  191 132 200 232    0 22   13 124 228   0  1 0 65535 1 6849 6849 1 1 6
0 31  191 132 200 224    0 22   13 116 184   0  1 0 65535 1 1521 1521 1 1 6
0 31  191 132 200 240    0 22    5  52 120   0  1 0 65535 1 1707 1707 1 1 6
0 31  191 132 200 252    0 22    6  64 168   0  1 0 65535 1 1490 1490 1 1 6
0 30  191 132 200 244    0 22    5  52 120   0  1 0 65535 1 1712 1712 1 1 6
0 29   90  10  19  80    0 23  244 180  26   0  1 0 65535 1 5632 5632 1 1 6
0 30   90  10  19 124    0 22  211 121 220   0  1 0 65535 1 6790 6790 1 1 6
0 24  191 132 201   0    0 27    5  52 127   0  1 0 65535 1 1712 1712 1 1 6
0 24   90  10  18   0    0 27  244 178 230 128  1 0 65535 1 6789 6789 1 1 6
0 24  191 132 201   0    0 27  211 121 216  64  1 0 65535 1 21 21 1 1 6
0 24  191 132 201   0    0 27    6  65 198 224  1 0 65535 1 1733 1733 1 1 6
0 24  191 132 201   0    0 27    6  65 142   0  1 0 65535 1 1708 1708 1 1 6
0 23  191 132 202   0    0 32  211 121 216 108  1 0 65535 1 61100 61119 1 1 6
0 32  191 132 200 254    0 32  211 121 216 108  1 0 65535 1 5001 65535 1 1 6
0 32   90  10  19  68    0 32  191 132 173  85  1 0 65535 1 0 65535 1 1 6
0 32   90  10  19  91    0 32   81  17 236 144  1 0 65535 1 0 65535 1 1 6
0 32   90  10  19  91    0 32  240 129 219 248  1 0 65535 1 0 65535 1 1 6
0 32   90  10  19  91    0 32   90  10  21 203  1 0 65535 1 0 65535 1 1 6
0 32   90  10  19 112    0 32  195 183 185  55  1 0 65535 1 0 65535 1 1 6
0 32  191 132 200 221    0 32   90  10  21 203  1 0 65535 1 0 65535 1 1 6
0 32  191 132 200 221    0 32  191  29  74  31  1 0 65535 1 0 65535 1 1 6
0 32  191 132 200 235    0 32   13 124 226 104  1 0 65535 1 0 65535 1 1 6
0 32  191 132 200 235    0 32   13 124 226 105  1 0 65535 1 0 65535 1 1 6
0 32  191 132 200 235    0 32  181  96 191 187  1 0 65535 1 0 65535 1 1 6
0 32  191 132 200 226    0 32   13 116 190 108  1 0 65535 1 0 65535 1 1 6
0 32  191 132 200 226    0 32  211 121 216 108  1 0 65535 1 0 65535 1 1 6
0 32  191 132 200 243    0 32    6  67  66 106  1 0 65535 1 0 65535 1 1 6
0 32  191 132 200 254    0 32    6  65 213 150  1 0 65535 1 0 65535 1 1 6
0 32  191 132 200 254    0 32    6  65 219  64  1 0 65535 1 0 65535 1 1 6
0 32  191 132 200 254    0 32    6  65 198 212  1 0 65535 1 0 65535 1 1 6
0 32  191 132 200 254    0 32    6  65 142  43  1 0 65535 1 0 65535 1 1 6
0 32   90  10  19 122    0 32  211  72 235 168  1 0 65535 1 5001 65535 1 1 6
0 32  191 132 200 212    0 32   90  10  21 203  1 0 65535 1 5001 65535 1 1 6
0 32  191 132 200 212    0 32  191 132 207 249  1 0 65535 1 1025 65535 1 1 6
0 32   90  10  19  79    0 32  164  14 199 115  1 0 65535 1 0 65535 1 1 6
0 32   90  10  19  68    0 32  191  25 180  44  1 0 65535 1 0 65535 1 1 6
0 32   90  10  19  90    0 32    6  65 142  43  1 0 65535 1 0 65535 1 1 6
0 32   90  10  19  91    0 32  251 247 101 215  1 0 65535 1 0 65535 1 1 1
0 32   90  10  19  91    0 32  240 128 252 183  1 0 65535 1 0 65535 1 1 6
0 32   90  10  19  91    0 32  240 128 252 188  1 0 65535 1 0 65535 1 1 1
0 32   90  10  19  91    0 32    6  65 142  43  1 0 65535 1 0 65535 1 1 6
0 32   90  10  19  91    0 32  244 180  27 159  1 0 65535 1 0 65535 1 1 6
0 32   90  10  19 112    0 32  200 253  63 140  1 0 65535 1 0 65535 1 1 6
0 32   90  10  19 112    0 32  199 204  74 112  1 0 65535 1 0 65535 1 1 6
0 32   90  10  19 112    0 32  195 181 133 236  1 0 65535 1 0 65535 1 1 6
0 32   90  10  19 113    0 32  214   1 226 150  1 0 65535 1 0 65535 1 1 6
0 32   90  10  19 113    0 32  214  14  94   2  1 0 65535 1 0 65535 1 1 6
0 32   90  10  19 113    0 32  214  14  94  88  1 0 65535 1 0 65535 1 1 6
0 32   90  10  19 122    0 32  211  72 234 247  1 0 65535 1 0 65535 1 1 6
0 32   90  10  19 122    0 32  211  78 154 135  1 0 65535 1 0 65535 1 1 6
0 32   90  10  19 123    0 32  211 121 216 108  1 0 65535 1 0 65535 1 1 6
0 32   90  10  19 123    0 32    6  65 142  43  1 0 65535 1 0 65535 1 1 6
0 32   90  10  19 123    0 32   79 242   4 114  1 0 65535 1 0 65535 1 1 6
0 32   90  10  19 123    0 32  211 121 216 108  1 0 65535 1 0 65535 1 1 1
0 32   90  10  19 123    0 32   90  10  21 203  1 0 65535 1 0 65535 1 1 6
0 32  191 132 200 201    0 32   86 113  17 122  1 0 65535 1 0 65535 1 1 6
0 32  191 132 200 192    0 32   81  17 236 145  1 0 65535 1 0 65535 1 1 1
0 32  191 132 200 192    0 32   95  27  57  11  1 0 65535 1 0 65535 1 1 6
0 32  191 132 200 192    0 32  191 132 207 249  1 0 65535 1 0 65535 1 1 6
0 32  191 132 200 192    0 32   90 166 249 141  1 0 65535 1 0 65535 1 1 6
0 32  191 132 200 192    0 32   90 166 209 151  1 0 65535 1 0 65535 1 1 6
0 32  191 132 200 192    0 32   90  10  37 233  1 0 65535 1 0 65535 1 1 6
0 32  191 132 200 192    0 32   90  10  33  31  1 0 65535 1 0 65535 1 1 6
0 32  191 132 200 212    0 32  211 121 216 108  1 0 65535 1 0 65535 1 1 6
0 32  191 132 200 212    0 32   90  10  21 203  1 0 65535 1 0 65535 1 1 6
0 32  191 132 200 221    0 32   90  10  21 203  1 0 65535 1 0 65535 1 1 6
0 32  191 132 200 221    0 32   26 180  89 217  1 0 65535 1 0 65535 1 1 6
0 32  191 132 200 221    0 32   26   1  15  11  1 0 65535 1 0 65535 1 1 6
0 32  191 132 200 221    0 32   18  81  67 148  1 0 65535 1 0 65535 1 1 6
0 32  191 132 200 221    0 32   16 253  48 165  1 0 65535 1 0 65535 1 1 6
0 32  191 132 200 221    0 32   21 209 253  43  1 0 65535 1 0 65535 1 1 6
0 32  191 132 200 221    0 32   20 180 195 188  1 0 65535 1 0 65535 1 1 6
0 32  191 132 200 221    0 32   10 206   3  75  1 0 65535 1 0 65535 1 1 1
0 32  191 132 200 221    0 32   13 177  83  43  1 0 65535 1 0 65535 1 1 1
0 32  191 132 200 221    0 32   13 183 126  52  1 0 65535 1 0 65535 1 1 6
0 32  191 132 200 235    0 32  191 132 207 249  1 0 65535 1 0 65535 1 1 6
0 32  191 132 200 235    0 32   13 124 226 105  1 0 65535 1 0 65535 1 1 6
0 32  191 132 200 235    0 32   13 116 207  75  1 0 65535 1 0 65535 1 1 6
0 32  191 132 200 226    0 32   13 116 190 108  1 0 65535 1 0 65535 1 1 6
0 32  191 132 200 226    0 32    5  51  26 228  1 0 65535 1 0 65535 1 1 6
0 32  191 132 200 242    0 32    5  52 127  36  1 0 65535 1 0 65535 1 1 6
0 32  191 132 200 243    0 32    6  67  66 106  1 0 65535 1 0 65535 1 1 1
0 32  191 132 200 254    0 32    6  67  66 106  1 0 65535 1 0 65535 1 1 6
0 32  191 132 200 254    0 32    6  64 173  66  1 0 65535 1 0 65535 1 1 6
0 32  191 132 200 254    0 32    6  65 219  64  1 0 65535 1 0 65535 1 1 6
0 32  191 132 200 254    0 32    6  65 198 212  1 0 65535 1 0 65535 1 1 6
0 32  191 132 200 254    0 32    6  65 198 212  1 0 65535 1 0 65535 1 1 1
0 32  191 132 200 254    0 32    6  65 142  43  1 0 65535 1 0 65535 1 1 6
0 31   90  10  19  88    0 32    6  65 142  43  1 0 65535 1 0 65535 1 1 6
0 31   90  10  19  88    0 32  251 248 149 237  1 0 65535 1 0 65535 1 1 6
0 31   90  10  19  88    0 32  244 185 169 151  1 0 65535 1 0 65535 1 1 6
0 31   90  10  19 114    0 32  204  47   2 115  1 0 65535 1 0 65535 1 1 6
0 31  191 132 200 224    0 32  211 121 216 108  1 0 65535 1 0 65535 1 1 6
0 31  191 132 200 252    0 32    6  64 173  66  1 0 65535 1 0 65535 1 1 6
0 32   90  10  19  91    0 31  244 178 230  28  1 0 65535 1 0 65535 1 1 6
0 32  191 132 200 226    0 31    5  51  26 230  1 0 65535 1 0 65535 1 1 6
0 32  191 132 200 226    0 31    5  52 127  38  1 0 65535 1 0 65535 1 1 6
0 31  191 132 200 224    0 32    5  52 127  36  1 0 65535 1 5001 65535 1 1 6
0 31   89 184  48  42    0 32    6  65 142  43  1 0 65535 1 0 65535 1 1 1
0 31   90  10  19  70    0 32  191  24 206  66  1 0 65535 1 0 65535 1 1 6
0 31   90  10  19  70    0 32  191  29  74 250  1 0 65535 1 0 65535 1 1 6
0 31   90  10  19  88    0 32  236 203  38  90  1 0 65535 1 0 65535 1 1 1
0 31   90  10  19 114    0 32  244 178 230 134  1 0 65535 1 0 65535 1 1 6
0 31   90  10  19 120    0 32  211  70 105  60  1 0 65535 1 0 65535 1 1 1
0 31   90  10  19 120    0 32  211 121 216 108  1 0 65535 1 0 65535 1 1 6
0 31   90  10  19 120    0 32   90  10  21 203  1 0 65535 1 0 65535 1 1 6
0 31  191 132 200 202    0 32   80  10 247 160  1 0 65535 1 0 65535 1 1 6
0 31  191 132 200 214    0 32   90  10  33  24  1 0 65535 1 0 65535 1 1 1
0 31  191 132 200 214    0 32   90  10  21 202  1 0 65535 1 0 65535 1 1 6
0 31  191 132 200 222    0 32   26   1  15  11  1 0 65535 1 0 65535 1 1 6
0 31  191 132 200 222    0 32   10 206   3  80  1 0 65535 1 0 65535 1 1 6
0 31  191 132 200 232    0 32   13 124 226 104  1 0 65535 1 0 65535 1 1 6
0 31  191 132 200 240    0 32    5  52 127  45  1 0 65535 1 0 65535 1 1 6
0 31  191 132 200 240    0 32    6  67  66 106  1 0 65535 1 0 65535 1 1 6
0 31  191 132 200 240    0 32  166   9 206 214  1 0 65535 1 0 65535 1 1 6
0 31  191 132 200 252    0 32    6  65 219  64  1 0 65535 1 0 65535 1 1 6
0 32   90  10  19  78    0 31    6  65 142  40  1 0 65535 1 0 65535 1 1 6
0 32   90  10  19  68    0 31  186  15 122 134  1 0 65535 1 0 65535 1 1 6
0 32   90  10  19  91    0 31  240 128 252 182  1 0 65535 1 0 65535 1 1 6
0 32   90  10  19  91    0 31    6  65 142  40  1 0 65535 1 0 65535 1 1 6
0 32   90  10  19 122    0 31  211  78 238 132  1 0 65535 1 0 65535 1 1 6
0 32  191 132 200 201    0 31   80  10 228 124  1 0 65535 1 0 65535 1 1 1
0 32  191 132 200 192    0 31   90 166 209 148  1 0 65535 1 0 65535 1 1 6
0 32  191 132 200 212    0 31   90  10  21 200  1 0 65535 1 0 65535 1 1 6
0 32  191 132 200 226    0 31   13 116 190 110  1 0 65535 1 0 65535 1 1 6
0 32  191 132 200 242    0 31    5  52 127  46  1 0 65535 1 0 65535 1 1 1
0 32  191 132 200 254    0 31    6  67  66 104  1 0 65535 1 0 65535 1 1 1
0 32  191 132 200 254    0 31    6  65 198 214  1 0 65535 1 0 65535 1 1 6
0 32  191 132 200 254    0 31    6  65 142  40  1 0 65535 1 0 65535 1 1 6
0 32   90  10  19 123    0 30  211 121 216 104  1 0 65535 1 0 65535 1 1 6
0 30  191 132 200 228    0 32   13 116 190 108  1 0 65535 1 0 65535 1 1 6
0 30  191 132 200 244    0 32  191 132 207 249  1 0 65535 1 0 65535 1 1 6
0 30   90  10  19 116    0 32  195 183 185 146  1 0 65535 1 0 65535 1 1 6
0 30  191 132 200 196    0 32   90 166 209 151  1 0 65535 1 0 65535 1 1 1
0 30  191 132 200 236    0 32   13 124 226 104  1 0 65535 1 0 65535 1 1 6
0 30  191 132 200 228    0 32  211 121 216 108  1 0 65535 1 0 65535 1 1 6
0 30  191 132 200 248    0 32    6  65 198 212  1 0 65535 1 0 65535 1 1 1
0 31  191 132 200 202    0 31   86 173 217 150  1 0 65535 1 0 65535 1 1 6
0 31  191 132 200 194    0 31   95 176  47 214  1 0 65535 1 0 65535 1 1 6
0 31  191 132 200 252    0 31    6  65 142  40  1 0 65535 1 0 65535 1 1 6
0 32  191 132 200 235    0 26   13 124 226   0  1 0 65535 1 0 65535 1 1 6
0 32   90  10  19  91    0 26    6  65 142  64  1 0 65535 1 0 65535 1 1 1
0 32  191 132 200 221    0 26   20 180 195 192  1 0 65535 1 0 65535 1 1 6
0 32   90  10  19 113    0 25    6  65 142 128  1 0 65535 1 0 65535 1 1 6
0 32   90  10  19 123    0 25  211 121 216 128  1 0 65535 1 0 65535 1 1 6
0 32  191 132 200 192    0 25   90  10  37   0  1 0 65535 1 0 65535 1 1 6
0 32  191 132 200 221    0 24   26   1  14   0  1 0 65535 1 0 65535 1 1 6
0 25  191 132 200   0    0 32   21 194 123 242  1 0 65535 1 0 65535 1 1 6
0 31  191 132 200 224    0 25    5  52 127 128  1 0 65535 1 0 65535 1 1 6
0 24  191 132 201   0    0 32    6  67  66 106  1 0 65535 1 0 65535 1 1 6
0 32   90  10  19  68    0 32  191  29  77 233  1 0 65535 1 0 65535 1 0 0
0 32   90  10  19  68    0 32  191 132 173  94  1 0 65535 1 0 65535 1 0 0
0 32   90  10  19  90    0 32  191 132 172 168  1 0 65535 1 0 65535 1 0 0
0 32   90  10  19 112    0 32  200 253  63 140  1 0 65535 1 0 65535 1 0 0
0 32   90  10  19 112    0 32  195 181  64 126  1 0 65535 1 0 65535 1 0 0
0 32   90  10  19 112    0 32  195 181 133 250  1 0 65535 1 0 65535 1 0 0
0 32   90  10  19 112    0 32  195 183 185 161  1 0 65535 1 0 65535 1 0 0
0 32   90  10  19 113    0 32  214  14  93 191  1 0 65535 1 0 65535 1 0 0
0 32   90  10  19 122    0 32  211  70 105  60  1 0 65535 1 0 65535 1 0 0
0 32   90  10  19 123    0 32  211 121 216 108  1 0 65535 1 0 65535 1 0 0
0 32  191 132 200 212    0 32   90  10  21 202  1 0 65535 1 0 65535 1 0 0
0 32  191 132 200 235    0 32   13 124 226 104  1 0 65535 1 0 65535 1 0 0
0 32  191 132 200 235    0 32   13 116 207  75  1 0 65535 1 0 65535 1 0 0
0 32  191 132 200 226    0 32  211 121 216 108  1 0 65535 1 0 65535 1 0 0
0 32  191 132 200 226    0 32    5  51  26 224  1 0 65535 1 0 65535 1 0 0
0 32  191 132 200 226    0 32    5  51  26 228  1 0 65535 1 0 65535 1 0 0
0 32  191 132 200 254    0 32  211 121 216 108  1 0 65535 1 0 65535 1 0 0
0 32  191 132 200 254    0 32    6  67  66 106  1 0 65535 1 0 65535 1 0 0
0 32  191 132 200 254    0 32    6  65 142  43  1 0 65535 1 0 65535 1 0 0
0 32   90  10  19  91    0 23  244 191 172   0  1 0 65535 1 0 65535 1 1 6
0 24   90  10  18   0    0 31  244 180  27 158  1 0 65535 1 0 65535 1 1 6
0 24  191 132 201   0    0 31   13   0  15   0  1 0 65535 1 0 65535 1 1 6
0 32   90  10  19  91    0 24  244 178 230   0  1 0 65535 1 0 65535 1 1 1
0 32   90  10  19 112    0 24  244 178 230   0  1 0 65535 1 0 65535 1 1 6
0 32  191 132 200 221    0 24   20 180 194   0  1 0 65535 1 0 65535 1 1 1
0 32  191 132 200 221    0 24  211 121 217   0  1 0 65535 1 0 65535 1 1 6
0 32  191 132 200 221    0 24  191 132 206   0  1 0 65535 1 0 65535 1 1 6
0 32  191 132 200 243    0 24    5  52 126   0  1 0 65535 1 0 65535 1 1 6
0 32  191 132 200 254    0 24    6  67  67   0  1 0 65535 1 0 65535 1 1 6
0 32  191 132 200 254    0 24    6  65 143   0  1 0 65535 1 0 65535 1 1 6
0 23   90  10  16   0    0 32  211 121 216 108  1 0 65535 1 0 65535 1 1 6
0 31   90  10  19 120    0 25  211 121 216 128  1 0 65535 1 0 65535 1 1 6
0 31  191 132 200 224    0 25    5  51  26   0  1 0 65535 1 0 65535 1 1 6
0 31  191 132 200 240    0 25    5  52 127 128  1 0 65535 1 0 65535 1 1 6
0 31  191 132 200 240    0 25    5  52 127 128  1 0 65535 1 0 65535 1 1 1
0 31  191 132 200 252    0 25    6  67  66 128  1 0 65535 1 0 65535 1 1 6
0 32   90  10  19  79    0 31  171 101 119  14  1 0 65535 1 0 65535 1 0 0
0 32   90  10  19 113    0 31    6  65 142  40  1 0 65535 1 0 65535 1 0 0
0 32  191 132 200 192    0 31   81  17 236 146  1 0 65535 1 0 65535 1 0 0
0 32  191 132 200 212    0 31   90  10  21 200  1 0 65535 1 0 65535 1 0 0
0 32  191 132 200 254    0 31    6  67  66 104  1 0 65535 1 0 65535 1 0 0
0 31   90  10  19  76    0 32  164   7 140 233  1 0 65535 1 0 65535 1 0 0
0 31   90  10  19  88    0 32    6  65 142  43  1 0 65535 1 0 65535 1 0 0
0 31   90  10  19 120    0 32  211 121 216 108  1 0 65535 1 0 65535 1 0 0
0 31   90  10  19 120    0 32    6  65 142  43  1 0 65535 1 0 65535 1 0 0
0 31  191 132 200 202    0 32   80  10 228  82  1 0 65535 1 0 65535 1 0 0
0 31  191 132 200 222    0 32   20 180 195 188  1 0 65535 1 0 65535 1 0 0
0 31  191 132 200 222    0 32  181  96 191 187  1 0 65535 1 0 65535 1 0 0
0 23   90  10  16   0    0 32  195 183 185 162  1 0 65535 1 0 65535 1 1 6
0 23  191 132 202   0    0 32   80  10 247 160  1 0 65535 1 0 65535 1 1 6
0 23  191 132 202   0    0 32   90 166 249 141  1 0 65535 1 0 65535 1 1 6
0 23  191 132 202   0    0 32   21 212 117  11  1 0 65535 1 0 65535 1 1 6
0 23  191 132 202   0    0 32    5  52 127  45  1 0 65535 1 0 65535 1 1 6
0 23  191 132 202   0    0 32    6  67  66 106  1 0 65535 1 0 65535 1 1 6
0 31   90  10  19 114    0 24  214  14  92   0  1 0 65535 1 0 65535 1 1 6
0 31   90  10  19 120    0 24  211 121 217   0  1 0 65535 1 0 65535 1 1 6
0 32   90  10  19 122    0 23  211  78 152   0  1 0 65535 1 0 65535 1 1 6
0 32   90  10  19 123    0 23  211 121 218   0  1 0 65535 1 0 65535 1 1 6
0 32  191 132 200 192    0 23   90  10  38   0  1 0 65535 1 0 65535 1 1 1
0 32  191 132 200 243    0 23  211 121 218   0  1 0 65535 1 0 65535 1 1 6
0 31  191 132 200 202    0 23   80  10 244   0  1 0 65535 1 0 65535 1 1 6
0 24  191 132 201   0    0 31   95 176  47 214  1 0 65535 1 0 65535 1 1 6
0 24  191 132 201   0    0 31   13 116 190 110  1 0 65535 1 0 65535 1 1 6
0 24  191 132 201   0    0 31  211 121 216 110  1 0 65535 1 0 65535 1 1 6
0 30  191 132 200 196    0 25   90 165  92   0  1 0 65535 1 0 65535 1 1 1
0 30   90  10  19  72    0 24  181 136 176   0  1 0 65535 1 0 65535 1 1 6
0 30  191 132 200 248    0 24    6  65 199   0  1 0 65535 1 0 65535 1 1 6
0 31   90  10  19  70    0 31  181  96 191 170  1 0 65535 1 0 65535 1 0 0
0 31   90  10  19 114    0 31  200 253  63 140  1 0 65535 1 0 65535 1 0 0
0 32   90  10  19  68    0 22  191  29  76   0  1 0 65535 1 0 65535 1 1 6
0 32   90  10  19 112    0 22  200 249 224   0  1 0 65535 1 0 65535 1 1 6
0 32   90  10  19 123    0 22    6  65 136   0  1 0 65535 1 0 65535 1 1 6
0 32  191 132 200 254    0 22    6  65 136   0  1 0 65535 1 0 65535 1 1 6
0 31   90  10  19  70    0 23  191  29  74   0  1 0 65535 1 0 65535 1 1 6
0 31   90  10  19 120    0 23  211  78 152   0  1 0 65535 1 0 65535 1 1 6
0 31  191 132 200 222    0 23   10 206   0   0  1 0 65535 1 0 65535 1 1 1
0 31  191 132 200 224    0 23  211 121 218   0  1 0 65535 1 0 65535 1 1 6
0 31  191 132 200 252    0 23  187  53  92   0  1 0 65535 1 0 65535 1 1 6
0 23   90  10  16   0    0 31  191 132 172 168  1 0 65535 1 0 65535 1 1 6
0 23  191 132 202   0    0 31  191 132 207 250  1 0 65535 1 0 65535 1 1 6
0 30   90  10  19 124    0 32  211  78 154 135  1 0 65535 1 0 65535 1 0 0
0 30   90  10  19 124    0 32  211 121 216 108  1 0 65535 1 0 65535 1 0 0
0 30  191 132 200 208    0 32   90  10  21 202  1 0 65535 1 0 65535 1 0 0
0 30  191 132 200 228    0 32    5  52 127  36  1 0 65535 1 0 65535 1 0 0
0 22  191 132 200   0    0 32   86 112 244 134  1 0 65535 1 0 65535 1 1 6
0 31  191 132 200 240    0 22    6  67  68   0  1 0 65535 1 0 65535 1 1 6
0 30   90  10  19 116    0 23   75   6 104   0  1 0 65535 1 0 65535 1 1 6
0 30  191 132 200 208    0 23   90  10  34   0  1 0 65535 1 0 65535 1 1 6
0 30  191 132 200 208    0 23   90  10  22   0  1 0 65535 1 0 65535 1 1 6
0 31   90  10  19 120    0 22  211  72 236   0  1 0 65535 1 0 65535 1 1 6
0 31  191 132 200 224    0 22   13 116 184   0  1 0 65535 1 0 65535 1 1 6
0 31  191 132 200 252    0 22    6  64 112   0  1 0 65535 1 0 65535 1 1 6
0 30  191 132 200 216    0 31  211 121 216 110  1 0 65535 1 0 65535 1 0 0
0 32  191 132 200 242    0 21    5  52 112   0  1 0 65535 1 0 65535 1 1 6
0 30   90  10  19  92    0 22  191 132 204   0  1 0 65535 1 0 65535 1 1 6
0 30  191 132 200 236    0 22  211 121 220   0  1 0 65535 1 0 65535 1 1 6
0 30  191 132 200 248    0 22    6  67  68   0  1 0 65535 1 0 65535 1 1 6
0 30  191 132 200 248    0 22  191 132 204   0  1 0 65535 1 0 65535 1 1 6
0 30  191 132 200 196    0 21   90  10  40   0  1 0 65535 1 0 65535 1 1 6
0 32   90  10  19 123    0 26    6  65 142  64  1 0 65535 1 0 65535 1 0 0
0 31   90  10  19 114    0 26  214   1 226 192  1 0 65535 1 0 65535 1 0 0
0 25  191 132 200   0    0 32  211 121 216 108  1 0 65535 1 0 65535 1 0 0
0 24  191 132 201   0    0 25   13 116 207 128  1 0 65535 1 0 65535 1 1 6
0 31   90  10  19  70    0 25  191  29  77   0  1 0 65535 1 0 65535 1 0 0
0 31  191 132 200 222    0 25   10 206   3 128  1 0 65535 1 0 65535 1 0 0
0 32   90  10  19 113    0 24  214  12  20   0  1 0 65535 1 0 65535 1 0 0
0 32  191 132 200 212    0 24   90  10  32   0  1 0 65535 1 0 65535 1 0 0
0 32  191 132 200 254    0 24    6  65 143   0  1 0 65535 1 0 65535 1 0 0
0 22  191 132 200   0    0 26   90  10  21 128  1 0 65535 1 0 65535 1 1 6
0 23   90  10  16   0    0 32   90  10  21 203  1 0 65535 1 0 65535 1 0 0
0 23   90  10  16   0    0 32  211 121 216 108  1 0 65535 1 0 65535 1 0 0
0 23  191 132 202   0    0 32   10 206   3  80  1 0 65535 1 0 65535 1 0 0
0 23  191 132 202   0    0 32  211 121 216 108  1 0 65535 1 0 65535 1 0 0
0 23  191 132 202   0    0 32    6  67  66 106  1 0 65535 1 0 65535 1 0 0
0 23  191 132 202   0    0 32  191 132 207 249  1 0 65535 1 0 65535 1 0 0
0 23  191 132 202   0    0 32    6  65 142  43  1 0 65535 1 0 65535 1 0 0
0 22   90  10  16   0    0 25  244 185 169 128  1 0 65535 1 0 65535 1 1 6
0 24  191 132 201   0    0 31   13 116 190 110  1 0 65535 1 0 65535 1 0 0
0 32  191 132 200 242    0 23    5  52 124   0  1 0 65535 1 0 65535 1 0 0
0 32   90  10  19  78    0 22  181 100 192   0  1 0 65535 1 0 65535 1 0 0
0 32   90  10  19 122    0 22  211  74  60   0  1 0 65535 1 0 65535 1 0 0
0 31  191 132 200 202    0 23   86 173 218   0  1 0 65535 1 0 65535 1 0 0
0 30   90  10  19 124    0 23  211 121 218   0  1 0 65535 1 0 65535 1 0 0
0 23  191 132 202   0    0 30  211 121 216 104  1 0 65535 1 0 65535 1 0 0
0 29   90  10  19  80    0 21  229 146  80   0  1 0 65535 1 0 65535 1 0 0
0 23  191 132 202   0    0 26    6  64 173 192  1 0 65535 1 0 65535 1 0 0
0 23   90  10  16   0    0 17  191 132 128   0  1 0 65535 1 0 65535 1 1 6
0 24   90  10  18   0    0 16   90  10   0   0  1 0 65535 1 0 65535 1 1 6
0 24  191 132 201   0    0 16    5  53   0   0  1 0 65535 1 0 65535 1 1 1
0 23   90  10  16   0    0 16  195 183   0   0  1 0 65535 1 0 65535 1 1 6
0 24   90  10  18   0    0 15  211 122   0   0  1 0 65535 1 0 65535 1 1 6
0 24  191 132 201   0    0 14    6  68   0   0  1 0 65535 1 0 65535 1 1 6
0 24   90  10  18   0    0 14  244 188   0   0  1 0 65535 1 0 65535 1 1 6
0 24   90  10  18   0    0 14   95  28   0   0  1 0 65535 1 0 65535 1 1 1
0 24  191 132 201   0    0 14    6  68   0   0  1 0 65535 1 0 65535 1 1 1
0 23  191 132 202   0    0  7   14   0   0   0  1 0 65535 1 0 65535 1 1 6
0 24  191 132 201   0    0 14    6  68   0   0  1 0 65535 1 0 65535 1 0 0
0 23  191 132 202   0    0  4   64   0   0   0  1 0 65535 1 0 65535 1 1 6
0 24  191 132 201   0    0  4  208   0   0   0  1 0 65535 1 0 65535 1 1 6
0 24  191 132 201   0    0  3   64   0   0   0  1 0 65535 1 0 65535 1 1 6
0 22  191 132 200   0    0  5  208   0   0   0  1 0 65535 1 0 65535 1 1 6
0 23  191 132 202   0    0  4  208   0   0   0  1 0 65535 1 0 65535 1 1 6
0 24  191 132 201   0    0  2    0   0   0   0  1 0 65535 1 0 65535 1 1 6
0 23  191 132 202   0    0  2    0   0   0   0  1 0 65535 1 0 65535 1 1 6
0 23   90  10  16   0    0  5  208   0   0   0  1 0 65535 1 0 65535 1 0 0
0 22   90  10  16   0    0  4  208   0   0   0  1 0 65535 1 0 65535 1 0 0
0  7  190   0   0   0    0  1    0   0   0   0  1 0 65535 1 0 65535 1 1 6
0  1    0   0   0   0    0 14  195 180   0   0  1 0 65535 1 0 65535 1 0 0
0  0    0   0   0   0    0  7  170   0   0   0  1 0 65535 1 0 65535 1 1 6
0  0    0   0   0   0    0 13  171  96   0   0  1 0 65535 1 0 65535 1 0 0
0  0    0   0   0   0    0  0    0   0   0   0  1 0 65535 1 0 65535 1 0 0
