0 32   23 158 188  59    0 31  221 110 128 214  1 161 161 1 22 22 1 1 17
0 31  166 205  37  22    0 32  221 252  52 207  1 22 22 1 80 80 1 1 17
0 31  115  30 161  82    0 31  111 127 234 204  1 25 25 1 1645 1646 1 1 6
0 30   23 158 188  60    0 31   20  58  81 102  1 80 80 1 139 139 1 1 17
0 31   23 158 188  56    0 29  221 187  56  64  1 161 161 1 80 80 1 1 17
0 31   23 158 188  56    0 29  122 125  99  56  1 161 161 1 53 53 1 1 17
0 30  166 169 228 168    0 30   76  72 232 136  1 53 53 1 1433 1433 1 1 17
0 32  111 127 234 232    0 32   20  58  81 101  1 5632 5632 1 0 65535 1 1 6
0 32   23 158 188  58    0 32   20  58  81 100  1 53 53 1 0 65535 1 1 6
0 32   23 158 188  59    0 32  221 187  56  74  1 0 65535 1 53 53 1 1 6
0 32   23 158 188  59    0 32  122 125  99  52  1 0 65535 1 514 514 1 1 6
0 32  221 252  52 115    0 32  122  43 192  38  1 0 65535 1 69 69 1 1 6
0 32  115  30  61  74    0 32  115  30  61 211  1 0 65535 1 53 53 1 1 17
0 32  103  71  63 167    0 32  145 204 164  18  1 0 65535 1 1646 1646 1 1 17
0 32  103  71  63 167    0 32  122 125  99  52  1 0 65535 1 514 514 1 1 17
0 32  111 127 234 232    0 32  228 163  67  75  1 0 65535 1 22 22 1 1 17
0 32  111 127 234 232    0 32  228 163  67  60  1 0 65535 1 514 514 1 1 17
0 32  111 127 234 232    0 32  225  15  42 199  1 0 65535 1 514 514 1 1 6
0 32  111 127 234 232    0 32   20  58  81 101  1 0 65535 1 25 25 1 1 17
0 32   23 158 188  58    0 32  225  15  42 199  1 0 65535 1 7000 7000 1 1 17
0 32   23 158 188  58    0 32   20  58  81 100  1 0 65535 1 514 514 1 1 17
0 32   23 158 188  58    0 32   20  58  81 100  1 0 65535 1 69 69 1 1 17
0 32   23 158 188  59    0 32  221 110 128 213  1 0 65535 1 69 69 1 1 6
0 32   23 158 188  59    0 32  221 110 128 213  1 0 65535 1 53 53 1 1 17
0 32   23 158 188  59    0 32   20  58  81 100  1 0 65535 1 69 69 1 1 6
0 32   23 158 188  59    0 32  122 125  99  52  1 0 65535 1 514 514 1 1 17
0 32   23 158 188  59    0 32  221 252  77 167  1 0 65535 1 80 80 1 1 17
0 32  191 158 106 162    0 32   20  58  81 101  1 0 65535 1 1433 1433 1 1 17
0 32  166 205  37  21    0 32  169 130 175   4  1 0 65535 1 5550 5550 1 1 17
0 32  166 205  37  21    0 32  145 204 164  24  1 0 65535 1 25 25 1 1 17
0 32  221 252  52 114    0 32  180 192  30  70  1 0 65535 1 9003 9003 1 1 17
0 32  221 252  52 114    0 32  118 105 181 251  1 0 65535 1 514 514 1 1 17
0 32  221 252  52 114    0 32  180 192  30  78  1 0 65535 1 69 69 1 1 17
0 32  221 252  52 115    0 32  180 192  21 146  1 0 65535 1 69 69 1 1 17
0 32  221 252  52 115    0 32  122  43  19  60  1 0 65535 1 69 69 1 1 17
0 32  221 252  52 115    0 32  122  43 192  38  1 0 65535 1 9003 9003 1 1 17
0 32  221 252  52 115    0 32  180 192  21 147  1 0 65535 1 5510 5510 1 1 17
0 31  111 127 234 234    0 32   20  58  81 101  1 0 65535 1 1214 1214 1 1 6
0 31  221 252  52 112    0 32   76  72 232 140  1 0 65535 1 1433 1433 1 1 6
0 31  221 252  52 112    0 32  195 101 253 249  1 0 65535 1 69 69 1 1 6
0 32  115  30 161  81    0 31  145 204 110 198  1 0 65535 1 514 514 1 1 17
0 32  111 127 234 232    0 31  228 163  67  62  1 0 65535 1 53 53 1 1 17
0 32   23 158 188  58    0 31  225  15  42 196  1 0 65535 1 514 514 1 1 17
0 32   23 158 188  58    0 31  225  15  42 196  1 0 65535 1 69 69 1 1 17
0 32   23 158 188  59    0 31  122 125  99  54  1 0 65535 1 25 25 1 1 17
0 32   23 158 188  59    0 31  221 110 128 214  1 0 65535 1 514 514 1 1 17
0 32   23 158 188  59    0 31  221 187  56  72  1 0 65535 1 25 25 1 1 6
0 32  178  18  25 167    0 31  180 192  21 144  1 0 65535 1 139 139 1 1 17
0 32  184 221 171   9    0 31   69 125  36 110  1 0 65535 1 5550 5550 1 1 6
0 32  166 205  37  21    0 31   76  72 232 142  1 0 65535 1 514 514 1 1 17
0 32  221 252  52 114    0 31  195 101 253 250  1 0 65535 1 69 69 1 1 17
0 32  221 252  52 114    0 31  195 101 253 250  1 0 65535 1 514 514 1 1 6
0 32  221 252  52 115    0 31  122  43  19  48  1 0 65535 1 8875 8875 1 1 6
0 31  103  71  63 164    0 32  188 187  95 194  1 0 65535 1 53 53 1 1 17
0 31   23 158 188  56    0 32  122 125  99  52  1 0 65535 1 80 80 1 1 6
0 31   23 158 188  56    0 32   20  58  81 100  1 0 65535 1 25 25 1 1 17
0 31   23 158 188  56    0 32  221  52 234  69  1 0 65535 1 80 80 1 1 17
0 31   23 158 188  56    0 32  221 110 128 213  1 0 65535 1 514 514 1 1 17
0 31   23 158 188  56    0 32  122 125  99  52  1 0 65535 1 514 514 1 1 6
0 31  184  20  75 114    0 32  221 252  52 207  1 0 65535 1 514 514 1 1 17
0 31  184 221 191 156    0 32  221 252  52 207  1 0 65535 1 69 69 1 1 17
0 31  166 171 131 120    0 32   69 125  36 109  1 0 65535 1 514 514 1 1 17
0 31  166 205  37  22    0 32   76  72 232 141  1 0 65535 1 22 22 1 1 17
0 31  221 252  52 112    0 32  188 187  95 194  1 0 65535 1 161 161 1 1 17
0 31  221 252  52 112    0 32  209  40 102  56  1 0 65535 1 1646 1646 1 1 17
0 31  221 252  52 112    0 32  111 127  30  18  1 0 65535 1 69 69 1 1 17
0 31  221 252  52 112    0 32  111 127  72  25  1 0 65535 1 69 69 1 1 6
0 31  221 252  52 112    0 32  122  43 192  38  1 0 65535 1 9003 9003 1 1 17
0 32  111 127 234 232    0 30   20  58  81  96  1 0 65535 1 143 143 1 1 6
0 32  166 205  37  21    0 30  221 252  52 200  1 0 65535 1 514 514 1 1 6
0 32   23 158 188  59    0 31  221 110 128 214  1 161 161 1 0 65535 1 1 17
0 32  184 221 171   9    0 31  188 187  95 192  1 80 80 1 0 65535 1 1 17
0 29  115  30 161  88    0 32  122 125  99  52  1 0 65535 1 5540 5540 1 1 6
0 29  221 252  52 120    0 32  180 192  30  78  1 0 65535 1 69 69 1 1 6
0 31  103  71  63 164    0 31  145 204 164  16  1 0 65535 1 113 113 1 1 6
0 31   23 158 188  56    0 31   20  58  81 102  1 0 65535 1 80 80 1 1 17
0 31   23 158 188  56    0 31   20  58  81 102  1 0 65535 1 9003 9003 1 1 17
0 31  184 221 191 152    0 31   69 125  36 124  1 0 65535 1 69 69 1 1 6
0 31  221 252  52 112    0 31  122  43  19  62  1 0 65535 1 80 80 1 1 17
0 31  111 127 234 234    0 31  228 163  67  72  1 161 161 1 0 65535 1 1 17
0 30  111 127 234 236    0 32  225  15  42 199  1 0 65535 1 514 514 1 1 6
0 30   23 158 188  60    0 32   20  58  81 100  1 0 65535 1 80 80 1 1 17
0 30   23 158 188  60    0 32  221 187  56  74  1 0 65535 1 80 80 1 1 17
0 30   23 158 188  60    0 32  221 252  77 167  1 0 65535 1 9003 9003 1 1 6
0 30  191 158 101  20    0 32   51 225  66  84  1 0 65535 1 69 69 1 1 17
0 30  221 252  52 116    0 32  180 192  30  78  1 0 65535 1 137 137 1 1 17
0 32   23 158 188  58    0 30  225  15  42 192  1 1433 1433 1 0 65535 1 1 17
0 32   23 158 188  58    0 30  225  15  42 192  1 0 65535 1 514 514 1 1 17
0 32   23 158 188  59    0 30  122 125  99  48  1 0 65535 1 514 514 1 1 6
0 32   23 158 188  59    0 30  221 110 128 208  1 0 65535 1 53 53 1 1 17
0 32   23 158 188  59    0 30  221 252  77 160  1 0 65535 1 6970 6970 1 1 6
0 32   23 158 188  59    0 30  221 252  77 160  1 0 65535 1 162 162 1 1 17
0 32  221 252  52 114    0 30  195 101 253 252  1 0 65535 1 514 514 1 1 17
0 32  221 252  52 115    0 30  180 192  21 148  1 0 65535 1 25 25 1 1 17
0 32   23 158 188  58    0 29  195 101 253 240  1 161 161 1 0 65535 1 1 6
0 30  180 164 202  16    0 31  221 252  77 164  1 0 65535 1 514 514 1 1 6
0 30  166 205  37  16    0 31   76  72 232 142  1 0 65535 1 25 25 1 1 6
0 30  221 252  52 116    0 31  127 210 144  56  1 0 65535 1 514 514 1 1 6
0 32  178  18 172 165    0 29  166 247 221  80  1 0 65535 1 514 514 1 1 6
0 32  221 252  52 114    0 29   76  72 232 128  1 0 65535 1 514 514 1 1 6
0 32  221 252  52 115    0 29  195 101 253 240  1 0 65535 1 32774 32774 1 1 6
0 31  166 205  37  22    0 30   76  72 232 136  1 0 65535 1 514 514 1 1 6
0 31  221 252  52 112    0 30  115 146  72 252  1 0 65535 1 9003 9003 1 1 6
0 30  221 252  52 116    0 32  127 157  32 106  1 1433 1433 1 0 65535 1 1 17
0 30  115  30  61  76    0 31   20  58  81 102  1 0 65535 1 53 53 1 1 17
0 30  115  30 161  84    0 31  111 127 234 204  1 0 65535 1 5631 5631 1 1 17
0 30  115  30 161  84    0 31  118 105 181 248  1 0 65535 1 25 25 1 1 17
0 30   23 158 188  60    0 31   20  58  81 102  1 0 65535 1 514 514 1 1 17
0 30   23 158 188  60    0 31  195 101 253 250  1 0 65535 1 514 514 1 1 17
0 30   23 158 188  60    0 31  122 125  99  54  1 0 65535 1 80 80 1 1 17
0 30   23 158 188  60    0 31  221 252  77 164  1 0 65535 1 514 514 1 1 17
0 30  191 158 106 164    0 31   20  58  81 102  1 0 65535 1 80 80 1 1 17
0 30  166 205  37  16    0 31   76  72 232 142  1 0 65535 1 514 514 1 1 17
0 29  115  30 161  88    0 32  145 204 110 215  1 0 65535 1 25 25 1 1 17
0 29  103  71  63 168    0 32   96 173 173 171  1 0 65535 1 119 119 1 1 17
0 29  111 127 234 224    0 32  233 123  10 230  1 0 65535 1 69 69 1 1 6
0 29   23 158 188  48    0 32  225  15  42 199  1 0 65535 1 137 137 1 1 17
0 29   23 158 188  48    0 32   20  58  81 100  1 0 65535 1 9003 9003 1 1 17
0 29  221 252  52 120    0 32  111 127 164 222  1 0 65535 1 69 69 1 1 17
0 29  221 252  52 120    0 32  115 146  72 245  1 0 65535 1 1646 1646 1 1 17
0 32  111 127 234 232    0 28   20  58  81 112  1 0 65535 1 53 53 1 1 6
0 32   23 158 188  58    0 28  225  15  42 208  1 0 65535 1 69 69 1 1 6
0 32   23 158 188  58    0 29  221  54  87  72  1 0 65535 1 514 514 1 1 6
0 32   23 158 188  59    0 29   20  58  81 104  1 0 65535 1 53 53 1 1 6
0 31   23 158 188  56    0 30  221 110 128 208  1 0 65535 1 69 69 1 1 6
0 31  166 205  37  22    0 30   76  72 232 136  1 0 65535 1 69 69 1 1 17
0 31  166 205  37  22    0 30  160 154  73 100  1 0 65535 1 80 80 1 1 17
0 31   23 158 188  56    0 29  122 125  99  56  1 80 80 1 0 65535 1 1 6
0 30  166 171 179  56    0 30  169 130 239  44  1 0 65535 1 514 514 1 1 6
0 31  166 205  37  22    0 31  160 154  17 236  1 0 65535 1 5000 5001 1 1 17
0 32  221 252  52 114    0 29   76  72 232 128  1 1433 1433 1 0 65535 1 1 6
0 29  221 252  52 120    0 32  115 146  72 125  1 25 25 1 0 65535 1 1 17
0 31  221 252  52 112    0 29  115  30  61 216  1 0 65535 1 25 25 1 1 6
0 31  221 252  52 112    0 30  127 210 144  64  1 1433 1433 1 0 65535 1 1 17
0 29  115  30 161  88    0 30  111 127 234 200  1 0 65535 1 514 514 1 1 6
0 29  115  30 161  88    0 31   20  58  81 102  1 0 65535 1 514 514 1 1 17
0 29   23 158 188  48    0 31  221 110 128 214  1 0 65535 1 135 135 1 1 17
0 29  166 205  37  24    0 31   76  72 232 142  1 0 65535 1 514 514 1 1 17
0 30  115  30 161  84    0 30  145 204 110 208  1 161 161 1 0 65535 1 1 17
0 28  115  30 161  64    0 32   20  58  81 101  1 0 65535 1 9003 9003 1 1 6
0 28   23 158 188  32    0 32  122 125  99  52  1 0 65535 1 69 69 1 1 17
0 28   23 158 188  32    0 32  221 187  56  75  1 0 65535 1 69 69 1 1 17
0 28  221 252  52  96    0 32  180 192  30  78  1 0 65535 1 9003 9003 1 1 17
0 28  221 252  52  96    0 32  180 192  21 147  1 0 65535 1 53 53 1 1 17
0 31  111 127 234 234    0 28  225  15  42 208  1 0 65535 1 80 80 1 1 6
0 31  111 127 234 234    0 29  225  15  42 200  1 53 53 1 0 65535 1 1 6
0 31   23 158 188  56    0 29  225  15  42 200  1 0 65535 1 69 69 1 1 17
0 31   23 158 188  56    0 29  221  54 165  64  1 0 65535 1 1433 1433 1 1 17
0 31  166 205  37  22    0 29  221 252  52 192  1 0 65535 1 1214 1214 1 1 17
0 31  166 205  37  22    0 29   76  72 232 128  1 0 65535 1 53 53 1 1 6
0 31  221 252  52 112    0 29  195 101 253 240  1 0 65535 1 69 69 1 1 17
0 31  221 252  52 112    0 29  195 101 253 240  1 0 65535 1 514 514 1 1 17
0 30   23 158 188  60    0 30  221 187  56  76  1 0 65535 1 69 69 1 1 17
0 30   23 158 188  60    0 30  221 252  77 160  1 0 65535 1 80 80 1 1 6
0 30  191 158 101  20    0 30  221 252  77 160  1 0 65535 1 69 69 1 1 17
0 28   23 158 188  32    0 32  221 187  56  75  1 5520 5520 1 0 65535 1 1 17
0 29   23 158 188  48    0 31  122 125  99  54  1 25 25 1 0 65535 1 1 17
0 32  191 158 109  26    0 28   20  58  81 112  1 5520 5520 1 0 65535 1 1 17
0 32  221 252  52 115    0 28  180 192  30  80  1 0 65535 1 514 514 1 1 17
0 31  115  30 161  82    0 28  145 204 164  64  1 0 65535 1 9003 9003 1 1 17
0 31   23 158 188  56    0 28  221 110 128 192  1 0 65535 1 69 69 1 1 6
0 31  221 252  52 112    0 28  211 192 123  80  1 0 65535 1 6699 6699 1 1 17
0 28   23 158 188  32    0 31  225  15  42 196  1 0 65535 1 53 53 1 1 6
0 29   23 158 188  48    0 30  225  15  42 192  1 0 65535 1 25 25 1 1 6
0 29   23 158 188  48    0 30  221 110 128 208  1 0 65535 1 514 514 1 1 17
0 28   23 158 188  32    0 31  122 125  99  54  1 25 25 1 0 65535 1 1 6
0 32   23 158 188  59    0 27  221 110 128 224  1 109 110 1 0 65535 1 1 6
0 27   23 158 188   0    0 32   20  58  81 100  1 0 65535 1 69 69 1 1 17
0 27  221 252  52  64    0 32  195 101 253 249  1 0 65535 1 8875 8875 1 1 17
0 31   23 158 188  56    0 28   20  58  81 112  1 1433 1433 1 0 65535 1 1 6
0 31   23 158 188  56    0 28  221 252  77 176  1 1645 1646 1 0 65535 1 1 6
0 31  166 205  37  22    0 27   76  72 232 160  1 1433 1433 1 0 65535 1 1 6
0 32  221 252  52 114    0 27   76  72 232 160  1 53 53 1 0 65535 1 1 17
0 31  221 252  52 112    0 28  221 252 177 208  1 0 65535 1 1812 1813 1 1 6
0 26  221 252  52   0    0 32  180 192  21 146  1 0 65535 1 514 514 1 1 6
0 26  221 252  52   0    0 32  195 101 253 249  1 0 65535 1 514 514 1 1 6
0 29  221 252  52 120    0 29  127 210 144  72  1 0 65535 1 80 80 1 1 6
0 30  221 252  52 116    0 28  122  43  19  32  1 25 25 1 0 65535 1 1 6
0 28  115  30 161  64    0 30  115  30 161 136  1 0 65535 1 9003 9003 1 1 6
0 28   23 158 188  32    0 30  221 252  77 160  1 0 65535 1 5540 5540 1 1 17
0 28  166 205  37   0    0 30   76  72 232 136  1 0 65535 1 69 69 1 1 6
0 26  111 127 234 128    0 31  122 125  99  54  1 0 65535 1 25 25 1 1 6
0 26   23 158 188  64    0 31  221  52 234  70  1 0 65535 1 139 139 1 1 6
0 29  111 127 234 224    0 29  122 125  99  56  1 0 65535 1 514 514 1 1 6
0 29  166 205  37  24    0 29   76  72 232 128  1 0 65535 1 9003 9003 1 1 17
0 29  221 252  52 120    0 29   76  72 232 128  1 0 65535 1 514 514 1 1 17
0 29  221 252  52 120    0 29  111 127  30  24  1 0 65535 1 5520 5520 1 1 17
0 31  111 127 234 234    0 27   20  58  81  64  1 0 65535 1 53 53 1 1 17
0 31  166 169 228 172    0 27  180 192  21 160  1 0 65535 1 69 69 1 1 6
0 32   23 158 188  58    0 25   20  58  81 128  1 1433 1433 1 0 65535 1 1 6
0 30   23 158 188  60    0 28  122 125  99  32  1 0 65535 1 1433 1433 1 1 17
0 32   23 158 188  58    0 26  122 125  99  64  1 0 65535 1 69 69 1 1 17
0 25   23 158 188 128    0 32  221 110 128 213  1 0 65535 1 514 514 1 1 6
0 26   23 158 188  64    0 32  221 187  56  74  1 25 25 1 0 65535 1 1 17
0 26   23 158 188  64    0 31  221 187  56  72  1 5631 5631 1 0 65535 1 1 6
0 31  184 221 191 152    0 26   69 125  36   0  1 5550 5550 1 0 65535 1 1 6
0 32  166 171 179  63    0 27   69 125  36  64  1 20 21 1 0 65535 1 1 6
0 31  166 205  37  22    0 26   76  72 232 192  1 0 65535 1 139 139 1 1 6
0 29  166 205  37  24    0 28   76  72 232 144  1 0 65535 1 9003 9003 1 1 6
0 32  221 252  52 114    0 26   76  72 232 192  1 25 25 1 0 65535 1 1 17
0 31  221 252  52 112    0 27  195 101 253 192  1 25 25 1 0 65535 1 1 17
0 32  221 252  52 115    0 27  195 101 253 192  1 20 23 1 0 65535 1 1 6
0 26  221 252  52   0    0 32  180 192  21 146  1 0 65535 1 9003 9003 1 1 17
0 30  221 252  52 116    0 27  122  43  19   0  1 5550 5550 1 0 65535 1 1 6
0 31  115  30  61  72    0 26  145  74 218  64  1 161 161 1 0 65535 1 1 6
0 31  180 164 202  52    0 26   51 225  66   0  1 5510 5510 1 0 65535 1 1 6
0 31  166 205  37  22    0 26  169 130  18 192  1 161 161 1 0 65535 1 1 6
0 31  221 252  52 112    0 26  180 192  30   0  1 161 161 1 0 65535 1 1 17
0 28  115  30 161  64    0 29  122 125  99  56  1 0 65535 1 5520 5520 1 1 17
0 28   23 158 188  32    0 29  221 110 128 216  1 0 65535 1 80 80 1 1 17
0 28  221 252  52  96    0 29  127 157  32  96  1 0 65535 1 161 161 1 1 17
0 30  103  71  63 160    0 27   20  58  81  64  1 1098 1098 1 0 65535 1 1 6
0 30  111 127 234 236    0 27  225  15  42 224  1 53 53 1 0 65535 1 1 17
0 30  166 205  37  16    0 27   76  72 232 160  1 161 161 1 0 65535 1 1 6
0 27  111 127 234 192    0 30   20  58  81  96  1 0 65535 1 53 53 1 1 17
0 27  178  27 205 160    0 30  160 209  25 132  1 0 65535 1 23 23 1 1 17
0 29   23 158 188  48    0 27  221  52 234  96  1 1433 1433 1 0 65535 1 1 6
0 30   23 158 188  60    0 27  221 110 128 224  1 0 65535 1 5631 5631 1 1 17
0 32   23 158 188  59    0 25  221 252  77   0  1 161 161 1 0 65535 1 1 6
0 32  221 252  52 115    0 25  180 192  21   0  1 161 161 1 0 65535 1 1 6
0 32  221 252  52 115    0 25  122 125  99 128  1 80 80 1 0 65535 1 1 6
0 25   23 158 188 128    0 32   20  58  81 100  1 0 65535 1 69 69 1 1 17
0 25  221 252  52 128    0 32  221 187  56  74  1 0 65535 1 514 514 1 1 17
0 26   23 158 188  64    0 31  221 252  77 164  1 0 65535 1 514 514 1 1 17
0 26  221 252  52   0    0 31   76  72 232 142  1 0 65535 1 32774 32774 1 1 6
0 26  221 252  52   0    0 31  221 187  56  72  1 0 65535 1 80 80 1 1 17
0 26  221 252  52   0    0 31  180 192  21 144  1 0 65535 1 514 514 1 1 6
0 27  191 116 248 128    0 30  221 252  77 160  1 5631 5631 1 0 65535 1 1 17
0 27  221 252  52  64    0 30  180 192  30  64  1 53 53 1 0 65535 1 1 6
0 27  191 158 100 128    0 29  221 252  77 168  1 0 65535 1 514 514 1 1 6
0 32  166 205  37  21    0 27   76  72 232 160  1 20 23 1 0 65535 1 1 17
0 32  166 205  37  21    0 26  221 252  52 128  1 109 110 1 0 65535 1 1 6
0 28  166 205  37   0    0 28   76  72 232 144  1 0 65535 1 9003 9003 1 1 6
0 24  221 252  53   0    0 32   76  72 232 140  1 161 161 1 0 65535 1 1 6
0 26  221 252  52   0    0 31  188 187  95 192  1 0 65535 1 1812 1813 1 1 6
0 26  221 252  52   0    0 31   76  72 232 142  1 0 65535 1 1645 1646 1 1 6
0 24  221 252  53   0    0 32  221 252  52 207  1 0 65535 1 69 69 1 1 6
0 28  221 252  52  96    0 29  111 127  72  16  1 69 69 1 0 65535 1 1 17
0 25  221 252  52 128    0 31  115  30  61 208  1 0 65535 1 53 53 1 1 6
0 27  221 252  52  64    0 30  180 192  30  72  1 0 65535 1 109 110 1 1 6
0 29  103  71  63 168    0 27  111 127 234 224  1 0 65535 1 6699 6699 1 1 17
0 29   23 158 188  48    0 27   20  58  81  64  1 0 65535 1 53 53 1 1 17
0 31  111 127 234 234    0 25   20  58  81 128  1 123 123 1 0 65535 1 1 17
0 30  111 127 234 236    0 26  233 123  10 128  1 123 123 1 0 65535 1 1 17
0 30   23 158 188  60    0 26   51 225  66   0  1 161 161 1 0 65535 1 1 17
0 30  111 127 234 236    0 25  228 163  67 128  1 5520 5520 1 0 65535 1 1 6
0 26  111 127 234 128    0 29  104 120 224 192  1 0 65535 1 1433 1433 1 1 6
0 24  111 127 235   0    0 32   20  58  81 101  1 0 65535 1 119 119 1 1 17
0 24   23 158 189   0    0 32  225  15  42 199  1 0 65535 1 1433 1433 1 1 17
0 24  184 247 232   0    0 32   20  58  81 101  1 0 65535 1 1646 1646 1 1 6
0 24  221 252  53   0    0 32  122  43 192  38  1 0 65535 1 80 80 1 1 6
0 32   23 158 188  58    0 24  225  15  43   0  1 161 161 1 0 65535 1 1 17
0 32  221 252  52 114    0 24  180 192  31   0  1 5540 5540 1 0 65535 1 1 17
0 32  221 252  52 115    0 24  127 210 145   0  1 161 161 1 0 65535 1 1 6
0 32  221 252  52 115    0 24  122  43  18   0  1 80 80 1 0 65535 1 1 17
0 25   23 158 188 128    0 31   20  58  81 102  1 1433 1433 1 0 65535 1 1 17
0 25  221 252  52 128    0 31  127 210 144  70  1 25 25 1 0 65535 1 1 6
0 24   23 158 189   0    0 32  195 101 253 249  1 80 80 1 0 65535 1 1 17
0 26   23 158 188  64    0 30  221 187  56  76  1 0 65535 1 69 69 1 1 6
0 26  221 252  52   0    0 30  122  43  19  56  1 0 65535 1 69 69 1 1 17
0 26  221 252  52   0    0 30  122  43 192  32  1 0 65535 1 80 80 1 1 17
0 26  221 252  52   0    0 30  122  43 192  32  1 0 65535 1 53 53 1 1 17
0 25   23 158 188 128    0 30   20  58  81  96  1 80 80 1 0 65535 1 1 6
0 26  191 158 109  64    0 31  221 252  52 204  1 0 65535 1 109 110 1 1 6
0 26  184 247 235  64    0 29   20  58  81 104  1 5540 5540 1 0 65535 1 1 6
0 32  221 252  52 114    0 24  118 105 180   0  1 20 21 1 0 65535 1 1 6
0 27  221 252  52  64    0 29  180 192  21 152  1 0 65535 1 25 25 1 1 17
0 26  115  30  61   0    0 29   20  58  81 104  1 1433 1433 1 0 65535 1 1 6
0 25  111 127 234   0    0 30  111 127 234 200  1 0 65535 1 143 143 1 1 17
0 25   23 158 188 128    0 30   20  58  81  96  1 0 65535 1 25 25 1 1 17
0 25   23 158 188 128    0 30  122 125  99  48  1 0 65535 1 5500 5500 1 1 17
0 25  221 252  52 128    0 30   76  72 232 136  1 0 65535 1 5540 5540 1 1 17
0 23   23 158 190   0    0 32  122 125  99  52  1 0 65535 1 80 80 1 1 6
0 23   23 158 190   0    0 32   20  58  81 100  1 0 65535 1 1433 1433 1 1 17
0 23   23 158 190   0    0 32   20  58  81 100  1 0 65535 1 119 119 1 1 17
0 31   23 158 188  56    0 23   20  58  82   0  1 161 161 1 0 65535 1 1 6
0 28   23 158 188  32    0 28   20  58  81 112  1 0 65535 1 109 110 1 1 6
0 25   23 158 188 128    0 30  122 125  99  48  1 161 161 1 0 65535 1 1 17
0 27   23 158 188   0    0 28   20  58  81 112  1 1433 1433 1 0 65535 1 1 6
0 24   23 158 189   0    0 30  122 125  99  48  1 0 65535 1 514 514 1 1 6
0 23   23 158 190   0    0 32  122 125  99  52  1 53 53 1 0 65535 1 1 17
0 23  180 164 200   0    0 32  180 192  21 147  1 53 53 1 0 65535 1 1 17
0 26   23 158 188  64    0 29  221 187  56  64  1 0 65535 1 514 514 1 1 6
0 28   23 158 188  32    0 27   20  58  81  64  1 0 65535 1 514 514 1 1 17
0 28  221 252  52  96    0 27  104 120 224 128  1 0 65535 1 162 162 1 1 17
0 30  191 116 250 172    0 24  180 192  20   0  1 5530 5530 1 0 65535 1 1 6
0 32  166 169 228 174    0 24   69 125  37   0  1 0 65535 1 20 21 1 1 6
0 29  221 252  52 120    0 28   76  72 232 144  1 20 23 1 0 65535 1 1 6
0 31  221 252  52 112    0 24  111 127  31   0  1 161 161 1 0 65535 1 1 17
0 31  221 252  52 112    0 24  115 146  73   0  1 80 80 1 0 65535 1 1 17
0 30  221 252  52 116    0 25  180 192  30 128  1 53 53 1 0 65535 1 1 17
0 30  221 252  52 116    0 25  195 101 253   0  1 0 65535 1 514 514 1 1 17
0 26  221 252  52   0    0 29  127 210 144  72  1 0 65535 1 109 110 1 1 6
0 32  221 252  52 115    0 22  218 148 148   0  1 161 161 1 0 65535 1 1 6
0 25  221 252  52 128    0 29  122  43 192  40  1 5632 5632 1 0 65535 1 1 6
0 24  221 252  53   0    0 31  122  43 192  36  1 0 65535 1 69 69 1 1 6
0 28  115  30  61  80    0 28  145  74 218  48  1 20 23 1 0 65535 1 1 6
0 29  103  71  63 168    0 25  145 204 164 128  1 0 65535 1 137 137 1 1 17
0 26  111 127 234 128    0 28  122 125  99  32  1 0 65535 1 514 514 1 1 6
0 26   23 158 188  64    0 28  225  15  42 208  1 0 65535 1 69 69 1 1 6
0 26   23 158 188  64    0 28  122 125  99  32  1 0 65535 1 25 25 1 1 17
0 26  221 252  52   0    0 28  127 210 144  32  1 0 65535 1 69 69 1 1 6
0 29   23 158 188  48    0 25   20  58  81 128  1 22 22 1 0 65535 1 1 17
0 27   23 158 188   0    0 27  225  15  42 224  1 53 53 1 0 65535 1 1 17
0 27   23 158 188   0    0 27  221 187  56  96  1 123 123 1 0 65535 1 1 17
0 27   23 158 188   0    0 27   20  58  81  64  1 0 65535 1 119 119 1 1 17
0 27  166 205  37  32    0 27   76  72 232 160  1 0 65535 1 9003 9003 1 1 17
0 28   23 158 188  32    0 26  122 125  99  64  1 0 65535 1 139 139 1 1 17
0 28  184 221 171  16    0 26  221 252  52 128  1 0 65535 1 69 69 1 1 17
0 25   23 158 188 128    0 29   20  58  81 104  1 0 65535 1 53 53 1 1 17
0 25  166 205  37 128    0 29   76  72 232 128  1 0 65535 1 8875 8875 1 1 17
0 24   23 158 189   0    0 31   20  58  81 102  1 0 65535 1 1812 1813 1 1 6
0 24  221 252  53   0    0 31  127 210 144  70  1 0 65535 1 109 110 1 1 17
0 24  185 222 191   0    0 30  221 252  52 200  1 0 65535 1 2549 2549 1 1 6
0 25  166 205  37 128    0 28   76  72 232 144  1 0 65535 1 1645 1645 1 1 6
0 31  166 205  37  22    0 23  221 252  54   0  1 1098 1098 1 0 65535 1 1 17
0 31  221 252  52 112    0 23  115  30  62   0  1 161 161 1 0 65535 1 1 17
0 23  221 252  54   0    0 31   76  72 232 142  1 0 65535 1 119 119 1 1 17
0 22  221 252  48   0    0 31  180 192  30  68  1 0 65535 1 9003 9003 1 1 6
0 25  221 252  52 128    0 30  195 101 253 252  1 0 65535 1 20 21 1 1 6
0 24  221 252  53   0    0 32  211 189 144 114  1 0 65535 1 20 23 1 1 17
0 30  221 252  52 116    0 24  180 192  20   0  1 25 25 1 0 65535 1 1 6
0 25  221 252  52 128    0 29  221 252  52 192  1 5520 5520 1 0 65535 1 1 17
0 24  221 252  53   0    0 29  221 110 128 216  1 0 65535 1 9003 9003 1 1 6
0 24  115  30 160   0    0 29  145 204 110 200  1 0 65535 1 1433 1433 1 1 17
0 24   23 158 189   0    0 29  221  54 165  64  1 0 65535 1 80 80 1 1 17
0 27   23 158 188   0    0 25  122 125  99 128  1 1723 1723 1 0 65535 1 1 6
0 22   23 158 184   0    0 31   20  58  81 102  1 22 22 1 0 65535 1 1 17
0 28   23 158 188  32    0 25  221  54  87 128  1 80 80 1 0 65535 1 1 17
0 28  221 252  52  96    0 25   76  72 232   0  1 500 500 1 0 65535 1 1 17
0 27   23 158 188   0    0 26  221  52 234   0  1 0 65535 1 9003 9003 1 1 17
0 26   23 158 188  64    0 27  122 125  99   0  1 0 65535 1 514 514 1 1 6
0 26   23 158 188  64    0 27  122 125  99   0  1 0 65535 1 69 69 1 1 6
0 26  221 252  52   0    0 27  115  30  61 224  1 0 65535 1 80 80 1 1 17
0 26  221 252  52   0    0 27  127 210 144   0  1 0 65535 1 514 514 1 1 17
0 23   23 158 190   0    0 30  221 110 128 208  1 22 22 1 0 65535 1 1 6
0 29  180 170 247 176    0 24   51 225  67   0  1 53 53 1 0 65535 1 1 17
0 29  166 205  37  24    0 24   76  72 233   0  1 161 161 1 0 65535 1 1 17
0 29  221 252  52 120    0 24  188 187  94   0  1 161 161 1 0 65535 1 1 17
0 32  166 205  37  21    0 21  221 252  56   0  1 500 500 1 0 65535 1 1 17
0 28  166 205  37   0    0 25   76  72 232   0  1 0 65535 1 514 514 1 1 6
0 28  221 252  52  96    0 25  104 120 109 128  1 0 65535 1 69 69 1 1 17
0 27  221 252  52  64    0 26  195 101 253 128  1 161 161 1 0 65535 1 1 17
0 27  221 252  52  64    0 26  111 127  30  64  1 25 25 1 0 65535 1 1 17
0 29  221 252  52 120    0 24  180 192  31   0  1 0 65535 1 1433 1433 1 1 17
0 23  115  30  62   0    0 30  145  74 218   8  1 0 65535 1 1645 1646 1 1 6
0 25  103  71  63   0    0 27  233  18 125  32  1 0 65535 1 69 69 1 1 17
0 25  166 205  37 128    0 27   76  72 232 160  1 0 65535 1 80 80 1 1 17
0 25  221 252  52 128    0 27   76  72 232 160  1 0 65535 1 80 80 1 1 17
0 27   23 158 188   0    0 25  225  15  42   0  1 0 65535 1 8875 8875 1 1 17
0 27  221 252  52  64    0 25  127 157  32 128  1 0 65535 1 143 143 1 1 17
0 28   23 158 188  32    0 26  122 125  99  64  1 20 23 1 0 65535 1 1 6
0 22   23 158 184   0    0 30  122 125  99  48  1 0 65535 1 25 25 1 1 17
0 30   23 158 188  60    0 22  225  15  44   0  1 0 65535 1 25 25 1 1 17
0 26  166 205  37  64    0 26   76  72 232 192  1 0 65535 1 113 113 1 1 17
0 26  221 252  52   0    0 26  122  43 192  64  1 0 65535 1 69 69 1 1 17
0 27  166 205  37  32    0 24  180 192  20   0  1 80 80 1 0 65535 1 1 6
0 26  221 252  52   0    0 25   76  72 232   0  1 0 65535 1 80 80 1 1 6
0 28  221 252  52  96    0 24  115 146  73   0  1 0 65535 1 514 514 1 1 17
0 26  221 252  52   0    0 25  180 192  21   0  1 25 25 1 0 65535 1 1 6
0 28  115  30 161  64    0 23  145 204 166   0  1 0 65535 1 5550 5550 1 1 17
0 27  111 127 234 192    0 24  122 125  98   0  1 0 65535 1 514 514 1 1 6
0 21   23 158 176   0    0 30  225  15  42 192  1 0 65535 1 20 21 1 1 6
0 24   23 158 189   0    0 27  221  52 234  96  1 0 65535 1 514 514 1 1 6
0 26   23 158 188  64    0 25  122 125  99 128  1 0 65535 1 80 80 1 1 17
0 26  221 252  52   0    0 25  127 210 144 128  1 0 65535 1 69 69 1 1 17
0 28  166 169 228 176    0 23   69 125  38   0  1 123 123 1 0 65535 1 1 17
0 30  221 252  52 116    0 23  221 187  58   0  1 20 23 1 0 65535 1 1 6
0 23  221 252  54   0    0 28  122  43  19  32  1 0 65535 1 137 137 1 1 6
0 29  221 252  52 120    0 23  122  43 194   0  1 109 110 1 0 65535 1 1 17
0 27  103  71  63 128    0 23  122 125  96   0  1 161 161 1 0 65535 1 1 6
0 27  111 127 234 192    0 23  228 163  64   0  1 161 161 1 0 65535 1 1 6
0 24  111 127 235   0    0 26   20  58  81   0  1 0 65535 1 137 137 1 1 17
0 26  111 127 234 128    0 24  122 125  98   0  1 500 500 1 0 65535 1 1 6
0 24   23 158 189   0    0 26  225  15  42 128  1 53 53 1 0 65535 1 1 6
0 22   23 158 184   0    0 27  122 125  99   0  1 0 65535 1 5530 5530 1 1 6
0 29   23 158 188  48    0 21   20  58  88   0  1 5520 5520 1 0 65535 1 1 17
0 25   23 158 188 128    0 24  221 187  57   0  1 0 65535 1 53 53 1 1 6
0 26   23 158 188  64    0 24  221 187  57   0  1 0 65535 1 80 80 1 1 6
0 28  180 168  34 208    0 22   51 225  68   0  1 0 65535 1 69 69 1 1 17
0 25  184 221 171 128    0 25   69 125  36 128  1 0 65535 1 514 514 1 1 17
0 25  166 205  37 128    0 26   76  72 232 192  1 0 65535 1 109 110 1 1 6
0 32  115  30 161  81    0 32  145 204 164  96  1 0 65535 1 1024 65535 1 1 17
0 32  184  20  75 113    0 32  221 252  52 207  1 0 65535 1 1024 65535 1 1 17
0 32  221 252  52 114    0 32  111 127  30  17  1 0 65535 1 1024 65535 1 1 17
0 32  221 252  52 114    0 32  180 192  30  78  1 0 65535 1 1024 65535 1 1 17
0 24  103  71  62   0    0 25  233 123  18   0  1 0 65535 1 9003 9003 1 1 17
0 25   23 158 188 128    0 24  221 110 129   0  1 0 65535 1 80 80 1 1 17
0 29   23 158 188  48    0 20   20  58  64   0  1 20 21 1 0 65535 1 1 6
0 23  184  20  72   0    0 26   20  58  81   0  1 0 65535 1 69 69 1 1 17
0 22  166 205  32   0    0 27   76  72 232 160  1 0 65535 1 2549 2549 1 1 17
0 31  111 127 234 234    0 32   96 173 173 220  1 0 65535 1 1024 65535 1 1 17
0 31   23 158 188  56    0 32   20  58  81 100  1 0 65535 1 1024 65535 1 1 17
0 31   23 158 188  56    0 32  221  52 234  76  1 0 65535 1 1024 65535 1 1 17
0 31   23 158 188  56    0 32  221 110 128 213  1 0 65535 1 1024 65535 1 1 17
0 31  166 205  37  22    0 32  169 130  18  22  1 0 65535 1 1024 65535 1 1 17
0 31  166 205  37  22    0 32   76  72 232 141  1 0 65535 1 1024 65535 1 1 17
0 31  221 252  52 112    0 32  127 210 144  59  1 0 65535 1 1024 65535 1 1 17
0 26  111 127 234 128    0 22  225  15  44   0  1 0 65535 1 1433 1433 1 1 17
0 32   23 158 188  58    0 31  225  15  42 196  1 0 65535 1 1024 65535 1 1 17
0 32   23 158 188  59    0 31  122 125  99  54  1 0 65535 1 1024 65535 1 1 17
0 32   23 158 188  59    0 31   20  58  81 102  1 0 65535 1 1024 65535 1 1 17
0 32  221 252  52 115    0 31  122 125  99  54  1 0 65535 1 1024 65535 1 1 17
0 19   23 158 128   0    0 29  221 252  77 168  1 0 65535 1 69 69 1 1 6
0 24  221 252  53   0    0 24   96 173 172   0  1 0 65535 1 69 69 1 1 17
0 23  221 252  54   0    0 25  127 157  32 128  1 0 65535 1 69 69 1 1 17
0 25  221 252  52 128    0 23  122  43  16   0  1 0 65535 1 514 514 1 1 17
0 19  115  30 128   0    0 28  145  74 218  48  1 53 53 1 0 65535 1 1 17
0 30  115  30 161  84    0 32  122 125  99  52  1 1024 65535 1 0 65535 1 1 17
0 21  115  30 168   0    0 26  145 204 110 128  1 161 161 1 0 65535 1 1 17
0 22  103  71  56   0    0 25  122 125  99 128  1 5500 5500 1 0 65535 1 1 17
0 30  103  71  63 160    0 32  233 122 101 182  1 0 65535 1 1024 65535 1 1 17
0 30  166 205  37  16    0 32  180 192  21 147  1 0 65535 1 1024 65535 1 1 17
0 30  221 252  52 116    0 32  115  30  61 211  1 0 65535 1 1024 65535 1 1 17
0 31  111 127 234 234    0 31  233 123  18 166  1 0 65535 1 1024 65535 1 1 17
0 31  111 127 234 234    0 31  228 163  67  72  1 0 65535 1 1024 65535 1 1 17
0 22   23 158 184   0    0 25  122 125  99 128  1 0 65535 1 514 514 1 1 6
0 23   23 158 190   0    0 24  221 252  76   0  1 0 65535 1 137 137 1 1 17
0 23  221 252  54   0    0 24  211 194  33   0  1 0 65535 1 162 162 1 1 17
0 23  221 252  54   0    0 24  127 157  33   0  1 0 65535 1 53 53 1 1 17
0 24  184 221 170   0    0 23  221 252  54   0  1 0 65535 1 514 514 1 1 17
0 32  166 169 228 174    0 30   76  72 232 136  1 0 65535 1 1024 65535 1 1 17
0 27  221 252  52  64    0 19  122  43 224   0  1 80 80 1 0 65535 1 1 6
0 31   23 158 188  56    0 30  122 125  99  48  1 0 65535 1 1024 65535 1 1 17
0 31   23 158 188  56    0 30  221 187  56  76  1 0 65535 1 1024 65535 1 1 17
0 31   23 158 188  56    0 30  221 252  77 160  1 0 65535 1 1024 65535 1 1 17
0 31  221 252  52 112    0 30  111 127 164 216  1 0 65535 1 1024 65535 1 1 17
0 29   23 158 188  48    0 32   20  58  81 100  1 0 65535 1 1024 65535 1 1 17
0 29  221 252  52 120    0 32  122  43 192  38  1 0 65535 1 1024 65535 1 1 17
0 28   23 158 188  32    0 18  221 110 192   0  1 137 137 1 0 65535 1 1 17
0 30  166 205  37  16    0 31   76  72 232 142  1 0 65535 1 1024 65535 1 1 17
0 30  221 252  52 116    0 31  195 101 253 250  1 0 65535 1 1024 65535 1 1 17
0 16  221 253   0   0    0 30   76  72 232 136  1 0 65535 1 53 53 1 1 6
0 32  115  30 161  81    0 28  145  74 218  48  1 0 65535 1 1024 65535 1 1 17
0 32  103  71  63 167    0 28   20  58  81 112  1 0 65535 1 1024 65535 1 1 17
0 32   23 158 188  58    0 28  225  15  42 208  1 0 65535 1 1024 65535 1 1 17
0 16  103  70   0   0    0 29  145 204 164 104  1 0 65535 1 69 69 1 1 17
0 30  103  71  63 160    0 30  233  17 171  36  1 0 65535 1 0 65535 1 1 6
0 13  111 112   0   0    0 32  225  15  42 199  1 0 65535 1 23 23 1 1 6
0 18   23 158 192   0    0 27  122 125  99   0  1 0 65535 1 25 25 1 1 6
0 18  221 252  64   0    0 27  180 192  30  96  1 0 65535 1 514 514 1 1 6
0 15   23 156   0   0    0 30  122 125  99  48  1 0 65535 1 7000 7000 1 1 17
0 30   23 158 188  60    0 30  225  15  42 192  1 0 65535 1 1024 65535 1 1 17
0 30  221 252  52 116    0 30  195 101 253 252  1 0 65535 1 1024 65535 1 1 17
0 17   23 158   0   0    0 27  225  15  42 224  1 0 65535 1 25 25 1 1 6
0 17   23 158   0   0    0 28  221 187  56  80  1 0 65535 1 80 80 1 1 17
0 20  166 205  48   0    0 26  180 192  21 192  1 0 65535 1 20 21 1 1 6
0 19  166 205   0   0    0 26   76  72 232 192  1 161 161 1 0 65535 1 1 17
0 16  221 253   0   0    0 30  104 120 109  96  1 0 65535 1 20 21 1 1 6
0 28  221 252  52  96    0 32  122 125  99  52  1 0 65535 1 1024 65535 1 1 17
0 19  115  30 128   0    0 24  145  74 219   0  1 0 65535 1 25 25 1 1 6
0 30   23 158 188  60    0 29   20  58  81 104  1 0 65535 1 1024 65535 1 1 17
0 26   23 158 188  64    0 18  221 187  64   0  1 161 161 1 0 65535 1 1 17
0 27   23 158 188   0    0 32  221 252  77 167  1 0 65535 1 1024 65535 1 1 17
0 31   23 158 188  56    0 14  221 248   0   0  1 20 21 1 0 65535 1 1 6
0 28  221 252  52  96    0 31   76  72 232 142  1 0 65535 1 1024 65535 1 1 17
0 18  221 252  64   0    0 26  218 148 146 192  1 0 65535 1 1645 1645 1 1 6
0 26   23 158 188  64    0 32  225  15  42 199  1 0 65535 1 1024 65535 1 1 17
0 23  221 252  54   0    0 20  104 120 240   0  1 53 53 1 0 65535 1 1 17
0 20  221 252  32   0    0 23  118 105 182   0  1 0 65535 1 80 80 1 1 6
0 25   23 158 188 128    0 32  221 187  56  75  1 0 65535 1 1024 65535 1 1 17
0 25  221 252  52 128    0 32   76  72 232 140  1 0 65535 1 1024 65535 1 1 17
0 16  166 204   0   0    0 26  221 252  52 128  1 0 65535 1 53 53 1 1 17
0 25   23 158 188 128    0 31  225  15  42 196  1 0 65535 1 1024 65535 1 1 17
0 19   23 158 128   0    0 22   20  58  84   0  1 0 65535 1 53 53 1 1 17
0 31  178  18  25  40    0 25   51 225  66 128  1 0 65535 1 1024 65535 1 1 17
0 16  221 253   0   0    0 25  127 157  32 128  1 5632 5632 1 0 65535 1 1 17
0 29  221 252  52 120    0 27  122  43  19   0  1 0 65535 1 1024 65535 1 1 17
0 27  103  71  63 128    0 28  233  18 125  80  1 0 65535 1 1024 65535 1 1 17
0 32   23 158 188  58    0 32   20  58  81 100  1 0 65535 1 0 65535 1 0 0
0 32  178  27  31 228    0 32   51 225  66  84  1 0 65535 1 0 65535 1 0 0
0 32  221 252  52 114    0 32   76  72 232 140  1 0 65535 1 0 65535 1 0 0
0 25   23 158 188 128    0 30  122 125  99  48  1 0 65535 1 1024 65535 1 1 17
0 26  166 205  37  64    0 29   76  72 232 128  1 0 65535 1 1024 65535 1 1 17
0 29  221 252  52 120    0 26  180 192  30   0  1 0 65535 1 1024 65535 1 1 17
0 24  221 252  53   0    0 16  122  42   0   0  1 22 22 1 0 65535 1 1 17
0 31   23 158 188  56    0 24   20  58  80   0  1 0 65535 1 0 65535 1 1 6
0 31   23 158 188  56    0 32  221  54 165  74  1 0 65535 1 0 65535 1 0 0
0 31  221 252  52 112    0 32  127 210 144  68  1 0 65535 1 0 65535 1 0 0
0 31  221 252  52 112    0 32  180 192  21 147  1 0 65535 1 0 65535 1 0 0
0 25  221 252  52 128    0 29  104 120 224 168  1 0 65535 1 0 65535 1 1 6
0 29  103  71  63 168    0 24  188 187  94   0  1 0 65535 1 0 65535 1 1 6
0 28   23 158 188  32    0 25  221 187  56 128  1 0 65535 1 1024 65535 1 1 17
0 24  221 252  53   0    0 29  188 187  95 200  1 0 65535 1 0 65535 1 1 6
0 11  221 192   0   0    0 27  127 210 144   0  1 0 65535 1 6346 6346 1 1 6
0 17  221 252 128   0    0 21  127 210 152   0  1 0 65535 1 69 69 1 1 17
0 18  221 252  64   0    0 20  122  43 208   0  1 0 65535 1 161 161 1 1 17
0 29  111 127 234 224    0 23  111 127 234   0  1 0 65535 1 0 65535 1 1 6
0 28   23 158 188  32    0 10  225  64   0   0  1 20 21 1 0 65535 1 1 17
0  4    0   0   0   0    0 32  221 252  77 167  1 0 65535 1 3389 3389 1 1 6
0 32  166 205  37  21    0  4  208   0   0   0  1 0 65535 1 80 80 1 1 6
0 32  221 252  52 115    0  5  216   0   0   0  1 25 25 1 0 65535 1 1 6
0 14  221 248   0   0    0 23  122  43  16   0  1 0 65535 1 5550 5550 1 1 6
0 26  111 127 234 128    0 25  122 125  99 128  1 0 65535 1 1024 65535 1 1 17
0  7  108   0   0   0    0 29  225  15  42 200  1 0 65535 1 514 514 1 1 6
0 26  111 127 234 128    0 26  225  15  42 128  1 0 65535 1 0 65535 1 1 6
0 28   23 158 188  32    0 23  122 125  96   0  1 0 65535 1 1024 65535 1 1 17
0 29   23 158 188  48    0 31  122 125  99  54  1 0 65535 1 0 65535 1 0 0
0 27  166 169 228 128    0  9   69   0   0   0  1 0 65535 1 80 80 1 1 6
0 29  221 252  52 120    0  6  176   0   0   0  1 5631 5631 1 0 65535 1 1 6
0 29  111 127 234 224    0  6  108   0   0   0  1 0 65535 1 514 514 1 1 17
0 18  111 127 128   0    0 17  228 163 128   0  1 0 65535 1 9003 9003 1 1 17
0 18   23 158 192   0    0 17  122 125 128   0  1 0 65535 1 9003 9003 1 1 17
0 18  221 252  64   0    0 17   76  72   0   0  1 0 65535 1 69 69 1 1 6
0  8   22   0   0   0    0 27  225  15  42 224  1 0 65535 1 109 110 1 1 6
0  3   32   0   0   0    0 32   20  58  81 100  1 0 65535 1 514 514 1 1 6
0 31  180 170 247 232    0 28   51 225  66  64  1 0 65535 1 0 65535 1 0 0
0 22  166 205  32   0    0 29  221 252  52 192  1 0 65535 1 0 65535 1 1 17
0 31  221 252  52 112    0  4  160   0   0   0  1 0 65535 1 5540 5540 1 1 6
0 25  221 252  52 128    0 10  103 192   0   0  1 53 53 1 0 65535 1 1 17
0 29  115  30 161  88    0  6  148   0   0   0  1 5000 5001 1 0 65535 1 1 6
0 24  103  71  62   0    0 10  145 128   0   0  1 25 25 1 0 65535 1 1 6
0 22  103  71  56   0    0 27  145 204 164  32  1 0 65535 1 0 65535 1 1 1
0 22  191  37 164   0    0 27  160 209  25  96  1 0 65535 1 0 65535 1 1 6
0 29  111 127 234 224    0 29   20  58  81 104  1 0 65535 1 0 65535 1 0 0
0 29  191 158 111  48    0 29  160 152 182  16  1 0 65535 1 0 65535 1 0 0
0 27  111 127 234 192    0 23   96 173 174   0  1 0 65535 1 0 65535 1 1 6
0 27   23 158 188   0    0  7  222   0   0   0  1 0 65535 1 5631 5631 1 1 6
0  2    0   0   0   0    0 32  122 125  99  52  1 0 65535 1 53 53 1 1 17
0 28   23 158 188  32    0  6  216   0   0   0  1 1433 1433 1 0 65535 1 1 17
0  3   32   0   0   0    0 31  122 125  99  54  1 80 80 1 0 65535 1 1 17
0  3  128   0   0   0    0 31  221 252  52 204  1 53 53 1 0 65535 1 1 17
0 27  166 205  37  32    0 31  160 152 215 196  1 0 65535 1 0 65535 1 0 0
0 23  221 252  54   0    0 26  180 192  30   0  1 0 65535 1 1024 65535 1 1 17
0 25  221 252  52 128    0  8  114   0   0   0  1 161 161 1 0 65535 1 1 6
0 25  221 252  52 128    0 25  180 192  30 128  1 0 65535 1 0 65535 1 1 1
0 19  221 252   0   0    0 15  127 208   0   0  1 25 25 1 0 65535 1 1 17
0 26  221 252  52   0    0  8  195   0   0   0  1 0 65535 1 514 514 1 1 17
0 10  221 128   0   0    0 24  122  43 193   0  1 0 65535 1 139 139 1 1 17
0 27  115  30 161  96    0 30  115 146  72 108  1 0 65535 1 0 65535 1 0 0
0 32  103  71  63 167    0  1    0   0   0   0  1 0 65535 1 69 69 1 1 17
0 24  111 127 235   0    0 24  233 123  19   0  1 0 65535 1 0 65535 1 1 1
0  3   64   0   0   0    0 30  122 125  99  48  1 0 65535 1 514 514 1 1 17
0  1    0   0   0   0    0 32  225  15  42 199  1 143 143 1 0 65535 1 1 17
0 31   23 158 188  56    0  2  192   0   0   0  1 0 65535 1 137 137 1 1 17
0 16   23 159   0   0    0 17   20  58 128   0  1 0 65535 1 514 514 1 1 17
0 16   23 159   0   0    0 17  221 187 128   0  1 0 65535 1 514 514 1 1 6
0 31   23 158 188  56    0 17  221 110   0   0  1 1024 65535 1 0 65535 1 1 17
0 12   23 128   0   0    0 21  221 110 136   0  1 0 65535 1 143 143 1 1 6
0 30   23 158 188  60    0 27  221 187  56  96  1 0 65535 1 0 65535 1 0 0
0 25  166 171 159   0    0 32  221 252  52 207  1 0 65535 1 0 65535 1 0 0
0  3  128   0   0   0    0 30   76  72 232 136  1 53 53 1 0 65535 1 1 6
0 25  221 252  52 128    0  8  208   0   0   0  1 0 65535 1 53 53 1 1 17
0 24  221 252  53   0    0 25   76  72 232   0  1 0 65535 1 0 65535 1 1 17
0  0    0   0   0   0    0 32   51 225  66  84  1 20 20 1 0 65535 1 1 6
0 27  115  30 161  96    0  4  128   0   0   0  1 0 65535 1 25 25 1 1 6
0  9  103 128   0   0    0 22  145 204 160   0  1 0 65535 1 514 514 1 1 6
0  0    0   0   0   0    0 32   59 165 253 217  1 0 65535 1 53 53 1 1 17
0  0    0   0   0   0    0 32   51 225  66  84  1 0 65535 1 514 514 1 1 17
0  0    0   0   0   0    0 32   51 225  66  84  1 0 65535 1 524 524 1 1 6
0  0    0   0   0   0    0 32   51 225  66  84  1 0 65535 1 80 80 1 1 17
0  0    0   0   0   0    0 32   51 225  66  84  1 0 65535 1 524 524 1 1 17
0 29  103  71  63 168    0  2    0   0   0   0  1 0 65535 1 9003 9003 1 1 6
0  3   32   0   0   0    0 28  122 125  99  32  1 161 161 1 0 65535 1 1 6
0 25   23 158 188 128    0 31   20  58  81 102  1 0 65535 1 0 65535 1 0 0
0 26   23 158 188  64    0 22  221  52 236   0  1 0 65535 1 0 65535 1 1 86
0  3   32   0   0   0    0 29   20  58  81 104  1 22 22 1 0 65535 1 1 6
0 12   23 128   0   0    0 20   20  58  64   0  1 0 65535 1 514 514 1 1 17
0 17   23 158   0   0    0 31  221 252  77 164  1 0 65535 1 0 65535 1 1 86
0 18  191 158   0   0    0 14  221 248   0   0  1 0 65535 1 53 53 1 1 17
0  2  128   0   0   0    0 30   76  72 232 136  1 0 65535 1 80 80 1 1 17
0 31  221 252  52 112    0  1  128   0   0   0  1 0 65535 1 9003 9003 1 1 17
0 10  221 128   0   0    0 23  218 148 144   0  1 0 65535 1 109 110 1 1 6
0 30  221 252  52 116    0 17  118 105   0   0  1 1024 65535 1 0 65535 1 1 17
0 27  221 252  52  64    0 20  115  30  32   0  1 0 65535 1 0 65535 1 1 6
0 30  221 252  52 116    0 26  115  30  61 128  1 0 65535 1 0 65535 1 0 0
0 26  221 252  52   0    0 30  180 192  21 148  1 0 65535 1 0 65535 1 0 0
0 29  221 252  52 120    0  3  160   0   0   0  1 0 65535 1 9003 9003 1 1 17
0 18  221 252  64   0    0 13  122 112   0   0  1 0 65535 1 80 80 1 1 6
0  2   64   0   0   0    0 29   20  58  81 104  1 161 161 1 0 65535 1 1 6
0 22  111 127 236   0    0 25  225  15  42   0  1 0 65535 1 0 65535 1 1 6
0  0    0   0   0   0    0 30   51 225  66  80  1 0 65535 1 53 53 1 1 6
0 18   23 158 192   0    0 12  221  32   0   0  1 0 65535 1 5510 5510 1 1 6
0 28   23 158 188  32    0 27  221  54 165  96  1 0 65535 1 0 65535 1 0 0
0 29   23 158 188  48    0  2    0   0   0   0  1 0 65535 1 25 25 1 1 17
0 27   23 158 188   0    0  4  208   0   0   0  1 0 65535 1 80 80 1 1 17
0 27  166 205  37  32    0  4  208   0   0   0  1 0 65535 1 1646 1646 1 1 6
0 32   23 158 188  59    0 23   20  58  82   0  1 0 65535 1 0 65535 1 0 0
0 20   23 158 160   0    0 11  221 192   0   0  1 0 65535 1 69 69 1 1 17
0 25  191 158 111 128    0 30   20  58  81  96  1 0 65535 1 0 65535 1 0 0
0 25  221 252  52 128    0 30  195 101 253 252  1 0 65535 1 0 65535 1 0 0
0 29  221 252  52 120    0 26   76  72 232 192  1 0 65535 1 0 65535 1 0 0
0  0    0   0   0   0    0 31   51 225  66  86  1 0 65535 1 514 514 1 1 17
0  1  128   0   0   0    0 30  127 157  32 108  1 0 65535 1 9003 9003 1 1 17
0 18  221 252  64   0    0 29  127 157  32  96  1 0 65535 1 0 65535 1 1 6
0 31  115  30  61  72    0 14   20  60   0   0  1 1024 65535 1 0 65535 1 1 17
0 22  115  30 164   0    0 32  111 127 234 206  1 0 65535 1 0 65535 1 0 0
0 24  115  30 160   0    0 30  145 204 110 208  1 0 65535 1 0 65535 1 0 0
0 24  103  71  62   0    0 30  188 187  95 196  1 0 65535 1 0 65535 1 0 0
0 27  103  71  63 128    0 27   20  58  81  64  1 0 65535 1 0 65535 1 0 0
0 27  166 205  37  32    0 27  221 252  52 224  1 0 65535 1 0 65535 1 0 0
0 27  221 252  52  64    0 27   76  72 232 160  1 0 65535 1 0 65535 1 0 0
0  0    0   0   0   0    0 30   51 225  66  80  1 0 65535 1 514 514 1 1 17
0 27   23 158 188   0    0  3    0   0   0   0  1 0 65535 1 161 161 1 1 17
0 31   23 158 188  56    0  0    0   0   0   0  1 109 110 1 0 65535 1 1 17
0  3  128   0   0   0    0 27  180 192  21 160  1 0 65535 1 9003 9003 1 1 17
0 20  166 205  48   0    0 10   76   0   0   0  1 0 65535 1 514 514 1 1 17
0  2  128   0   0   0    0 28   76  72 232 144  1 161 161 1 0 65535 1 1 6
0 25  221 252  52 128    0 29  195 101 253 240  1 0 65535 1 0 65535 1 0 0
0 22  221 252  48   0    0 24  111 127  31   0  1 0 65535 1 0 65535 1 1 86
0 29  221 252  52 120    0 25  127 157  32 128  1 0 65535 1 0 65535 1 0 0
0  2  192   0   0   0    0 28  180 192  21 128  1 0 65535 1 514 514 1 1 6
0 24  115  30  60   0    0  4  128   0   0   0  1 0 65535 1 80 80 1 1 6
0 23  111 127 232   0    0 30  228 163  67  56  1 0 65535 1 0 65535 1 0 0
0 23  221 252  54   0    0 30  188 187  95 196  1 0 65535 1 0 65535 1 0 0
0 19   23 158 128   0    0 26  122 125  99  64  1 0 65535 1 0 65535 1 1 6
0 31   23 158 188  56    0 22  122 125 100   0  1 0 65535 1 0 65535 1 0 0
0  0    0   0   0   0    0 29   51 225  66  88  1 0 65535 1 53 53 1 1 17
0 27   23 158 188   0    0 26  221 187  56   0  1 0 65535 1 0 65535 1 0 0
0 27  221 252  52  64    0 26  122 125  99  64  1 0 65535 1 0 65535 1 0 0
0 25  191 158 100   0    0 28   51 225  66  64  1 0 65535 1 0 65535 1 0 0
0 25  221 252  52 128    0 28  223  49  74 160  1 0 65535 1 0 65535 1 0 0
0 28  166 171 179  32    0 25   69 125  36 128  1 0 65535 1 0 65535 1 0 0
0 26  221 252  52   0    0 27   76  72 232 160  1 0 65535 1 0 65535 1 0 0
0 23  221 252  54   0    0 22  180 192  16   0  1 0 65535 1 0 65535 1 1 86
0 25  115  30 161 128    0 27  122 125  99   0  1 0 65535 1 0 65535 1 0 0
0 25  221 252  52 128    0 27  180 192  30  96  1 0 65535 1 0 65535 1 0 0
0 29  103  71  63 168    0 23  122 125  96   0  1 0 65535 1 0 65535 1 0 0
0 29  221 252  52 120    0 23  195 101 254   0  1 0 65535 1 0 65535 1 0 0
0 29  221 252  52 120    0 23  122  43  16   0  1 0 65535 1 0 65535 1 0 0
0 28   23 158 188  32    0 24  195 101 252   0  1 0 65535 1 0 65535 1 0 0
0 23   23 158 190   0    0 29  195 101 253 240  1 0 65535 1 0 65535 1 0 0
0 24   23 158 189   0    0  3    0   0   0   0  1 0 65535 1 8875 8875 1 1 6
0 30  166 169 228 168    0 22  221 252  48   0  1 0 65535 1 0 65535 1 0 0
0 27  166 205  37  32    0 25  221 252  52   0  1 0 65535 1 0 65535 1 0 0
0 27  166 205  37  32    0 17   76  72   0   0  1 0 65535 1 0 65535 1 1 1
0 22  221 252  48   0    0 30   76  72 232 136  1 0 65535 1 0 65535 1 0 0
0  1  128   0   0   0    0 28  127 210 144  80  1 0 65535 1 20 21 1 1 6
0 22  115  30  56   0    0  5  152   0   0   0  1 0 65535 1 80 80 1 1 17
0 22  115  30 164   0    0 29   20  58  81 104  1 0 65535 1 0 65535 1 0 0
0 22   23 158 184   0    0 29   20  58  81 104  1 0 65535 1 0 65535 1 0 0
0  3   64   0   0   0    0 23  233  17  10   0  1 0 65535 1 5631 5631 1 1 6
0 24  111 127 235   0    0 27  233 123  10 192  1 0 65535 1 0 65535 1 0 0
0 20  111 127 240   0    0  7  224   0   0   0  1 0 65535 1 5510 5510 1 1 17
0 28   23 158 188  32    0 23  122 125  96   0  1 0 65535 1 0 65535 1 0 0
0  1    0   0   0   0    0 26  195 101 253 128  1 0 65535 1 514 514 1 1 17
0  1    0   0   0   0    0 26  221 110 128 128  1 0 65535 1 8875 8875 1 1 17
0 24   23 158 189   0    0  3    0   0   0   0  1 0 65535 1 80 80 1 1 17
0 26   23 158 188  64    0 25  221 110 128   0  1 0 65535 1 0 65535 1 0 0
0 26  166 205  37  64    0 25   76  72 232   0  1 0 65535 1 0 65535 1 0 0
0 26  221 252  52   0    0 25  180 192  30 128  1 0 65535 1 0 65535 1 0 0
0 26  221 252  52   0    0 25  111 127 164   0  1 0 65535 1 0 65535 1 0 0
0 30   23 158 188  60    0 21  221 252  64   0  1 0 65535 1 0 65535 1 0 0
0 30  221 252  52 116    0 21  115 146  64   0  1 0 65535 1 0 65535 1 0 0
0 21   23 158 176   0    0 21  122 125 104   0  1 0 65535 1 0 65535 1 1 6
0 25  166 205  37 128    0  2   64   0   0   0  1 0 65535 1 113 113 1 1 17
0  4  192   0   0   0    0 23   76  72 234   0  1 161 161 1 0 65535 1 1 17
0 19  221 252   0   0    0 32  180 192  30  70  1 0 65535 1 0 65535 1 0 0
0 29  221 252  52 120    0 22  180 192  24   0  1 0 65535 1 0 65535 1 0 0
0 23  221 252  54   0    0 19  218 148 160   0  1 0 65535 1 0 65535 1 1 6
0  0    0   0   0   0    0 27   51 225  66  96  1 0 65535 1 69 69 1 1 17
0 25  221 252  52 128    0 26  180 192  21 192  1 0 65535 1 0 65535 1 0 0
0 25  221 252  52 128    0 26  122 125  99  64  1 0 65535 1 0 65535 1 0 0
0 27  221 252  52  64    0  0    0   0   0   0  1 0 65535 1 80 80 1 1 6
0 30  103  71  63 160    0 20  122 125 112   0  1 0 65535 1 0 65535 1 0 0
0  0    0   0   0   0    0 26   59 165 253 128  1 0 65535 1 69 69 1 1 17
0  0    0   0   0   0    0 26   51 225  66   0  1 0 65535 1 1433 1433 1 1 17
0  0    0   0   0   0    0 26   51 225  66   0  1 0 65535 1 53 53 1 1 6
0  0    0   0   0   0    0 26   51 225  66   0  1 0 65535 1 25 25 1 1 17
0  1    0   0   0   0    0 25  228 163  67 128  1 0 65535 1 80 80 1 1 17
0  1    0   0   0   0    0 25  225  15  42   0  1 0 65535 1 9003 9003 1 1 17
0 27  111 127 234 192    0 23  225  15  40   0  1 0 65535 1 0 65535 1 0 0
0 27   23 158 188   0    0 23  122 125  96   0  1 0 65535 1 0 65535 1 0 0
0 24  111 127 235   0    0 26  225  15  42 128  1 0 65535 1 0 65535 1 0 0
0 24   23 158 189   0    0 26  221 187  56   0  1 0 65535 1 0 65535 1 0 0
0 24   23 158 189   0    0 26  122 125  99  64  1 0 65535 1 0 65535 1 0 0
0 24  166 205  36   0    0 26  221 252  52 128  1 0 65535 1 0 65535 1 0 0
0 24  221 252  53   0    0 26  218 148 146 192  1 0 65535 1 0 65535 1 0 0
0 24  221 252  53   0    0 26  122  43 192  64  1 0 65535 1 0 65535 1 0 0
0 20   23 158 160   0    0 30  122 125  99  48  1 0 65535 1 0 65535 1 0 0
0 15   23 156   0   0    0 27  122 125  99   0  1 0 65535 1 0 65535 1 1 6
0 24   23 158 189   0    0 18   20  58   0   0  1 0 65535 1 0 65535 1 1 6
0 32   23 158 188  58    0 18  221  52 128   0  1 0 65535 1 0 65535 1 0 0
0 26   23 158 188  64    0 24  122 125  98   0  1 0 65535 1 0 65535 1 0 0
0 26  166 205  37  64    0 24   76  72 233   0  1 0 65535 1 0 65535 1 0 0
0 26  221 252  52   0    0 24  180 192  31   0  1 0 65535 1 0 65535 1 0 0
0 26  221 252  52   0    0 24  218 148 147   0  1 0 65535 1 0 65535 1 0 0
0 26  221 252  52   0    0 24  127 210 145   0  1 0 65535 1 0 65535 1 0 0
0 25   23 158 188 128    0 25  221 110 128   0  1 0 65535 1 0 65535 1 0 0
0 25  166 205  37 128    0 25   76  72 232   0  1 0 65535 1 0 65535 1 0 0
0 25  221 252  52 128    0 25  122  43 192 128  1 0 65535 1 0 65535 1 0 0
0 31   23 158 188  56    0 19   20  58  96   0  1 0 65535 1 0 65535 1 0 0
0 21   23 158 176   0    0 29   20  58  81 104  1 0 65535 1 0 65535 1 0 0
0 21  166 205  40   0    0 29  221 252  52 192  1 0 65535 1 0 65535 1 0 0
0 23   23 158 190   0    0 27  221 252  77 128  1 0 65535 1 0 65535 1 0 0
0 23  166 169 230   0    0 27   69 125  36  64  1 0 65535 1 0 65535 1 0 0
0 23  166 205  38   0    0 27   76  72 232 160  1 0 65535 1 0 65535 1 0 0
0 28  191 116 248 176    0 22   51 225  68   0  1 0 65535 1 0 65535 1 0 0
0  2  192   0   0   0    0 24  180 192  20   0  1 0 65535 1 6970 6970 1 1 17
0 29  221 252  52 120    0 21  122  43 200   0  1 0 65535 1 0 65535 1 0 0
0 26  115  30  61   0    0 23  111 127 166   0  1 0 65535 1 0 65535 1 0 0
0 26  115  30 161   0    0 23  122 125  96   0  1 0 65535 1 0 65535 1 0 0
0 26  111 127 234 128    0 23  111 127 234   0  1 0 65535 1 0 65535 1 0 0
0 26  111 127 234 128    0 23  225  15  40   0  1 0 65535 1 0 65535 1 0 0
0 26   23 158 188  64    0 23  225  15  40   0  1 0 65535 1 0 65535 1 0 0
0 26  221 252  52   0    0 23   76  72 234   0  1 0 65535 1 0 65535 1 0 0
0 26  221 252  52   0    0 23  122  43 194   0  1 0 65535 1 0 65535 1 0 0
0  1    0   0   0   0    0 24  145  74 219   0  1 0 65535 1 9003 9003 1 1 17
0  1    0   0   0   0    0 24  228 163  66   0  1 0 65535 1 143 143 1 1 17
0  1    0   0   0   0    0 24  195 101 252   0  1 0 65535 1 9003 9003 1 1 17
0 22  115  30  56   0    0  2    0   0   0   0  1 0 65535 1 161 161 1 1 6
0 25  111 127 234   0    0 24  228 163  66   0  1 0 65535 1 0 65535 1 0 0
0 25   23 158 188 128    0 24  225  15  43   0  1 0 65535 1 0 65535 1 0 0
0 25   23 158 188 128    0 24  122 125  98   0  1 0 65535 1 0 65535 1 0 0
0 25  166 171 159   0    0 24  180 192  20   0  1 0 65535 1 0 65535 1 0 0
0 25  221 252  52 128    0 24  180 192  20   0  1 0 65535 1 0 65535 1 0 0
0 25  221 252  52 128    0 24  195 101 252   0  1 0 65535 1 0 65535 1 0 0
0 15   23 156   0   0    0 25  225  15  42   0  1 0 65535 1 0 65535 1 1 6
0 27   23 158 188   0    0 22  225  15  44   0  1 0 65535 1 0 65535 1 0 0
0 27   23 158 188   0    0 22  221 187  60   0  1 0 65535 1 0 65535 1 0 0
0 24   23 158 189   0    0 25  225  15  42   0  1 0 65535 1 0 65535 1 0 0
0 24   23 158 189   0    0 25  221  52 234 128  1 0 65535 1 0 65535 1 0 0
0 24   23 158 189   0    0 25  221 110 128   0  1 0 65535 1 0 65535 1 0 0
0 24   23 158 189   0    0 25   20  58  81 128  1 0 65535 1 0 65535 1 0 0
0 24  221 252  53   0    0 25  127 210 144 128  1 0 65535 1 0 65535 1 0 0
0 29   23 158 188  48    0 20  221  54  64   0  1 0 65535 1 0 65535 1 0 0
0 29  166 205  37  24    0 20   76  72 240   0  1 0 65535 1 0 65535 1 0 0
0 29  221 252  52 120    0 20   76  72 240   0  1 0 65535 1 0 65535 1 0 0
0  2    0   0   0   0    0 23  122 125  96   0  1 0 65535 1 25 25 1 1 17
0  2    0   0   0   0    0 23  122 125  96   0  1 0 65535 1 514 514 1 1 17
0 21   23 158 176   0    0 28  122 125  99  32  1 0 65535 1 0 65535 1 0 0
0 21  166 205  40   0    0 28  180 192  21 128  1 0 65535 1 0 65535 1 0 0
0 21  166 205  40   0    0 28   76  72 232 144  1 0 65535 1 0 65535 1 0 0
0 21  221 252  56   0    0 28  122  43  19  32  1 0 65535 1 0 65535 1 0 0
0 28   23 158 188  32    0 21  221 187  48   0  1 0 65535 1 0 65535 1 0 0
0 28  221 252  52  96    0 21  127 210 152   0  1 0 65535 1 0 65535 1 0 0
0 28  221 252  52  96    0 21  122  43 200   0  1 0 65535 1 0 65535 1 0 0
0 24   23 158 189   0    0 16  122 124   0   0  1 0 65535 1 0 65535 1 1 1
0 23   23 158 190   0    0 26  221 252  77 192  1 0 65535 1 0 65535 1 0 0
0 23  221 252  54   0    0 26  111 127 164 128  1 0 65535 1 0 65535 1 0 0
0 23  221 252  54   0    0 26  218 148 146 192  1 0 65535 1 0 65535 1 0 0
0  0    0   0   0   0    0 25   51 225  66 128  1 0 65535 1 25 25 1 1 17
0 19  166 205   0   0    0 30  221 252  52 200  1 0 65535 1 0 65535 1 0 0
0 22  166 205  32   0    0 27  221 252  52 224  1 0 65535 1 0 65535 1 0 0
0 20  221 252  32   0    0 29  104 120 109  72  1 0 65535 1 0 65535 1 0 0
0 17  221 252 128   0    0 23  180 192  22   0  1 0 65535 1 0 65535 1 1 6
0 23  115  30 162   0    0 25  145  74 218 128  1 0 65535 1 0 65535 1 0 0
0 23   23 158 190   0    0 25  122 125  99 128  1 0 65535 1 0 65535 1 0 0
0 23  180 168  18   0    0 25   51 225  66 128  1 0 65535 1 0 65535 1 0 0
0 23  166 205  38   0    0 25  180 192  21   0  1 0 65535 1 0 65535 1 0 0
0 23  221 252  54   0    0 25  115  30  61   0  1 0 65535 1 0 65535 1 0 0
0 20  115  30 176   0    0  3  128   0   0   0  1 0 65535 1 69 69 1 1 6
0 22  111 127 236   0    0 26   20  58  81   0  1 0 65535 1 0 65535 1 0 0
0 22   23 158 184   0    0 26   20  58  81   0  1 0 65535 1 0 65535 1 0 0
0  0    0   0   0   0    0 24   59 165 252   0  1 137 137 1 0 65535 1 1 6
0  2   64   0   0   0    0 22   20  58  84   0  1 0 65535 1 69 69 1 1 17
0  2  192   0   0   0    0 22  111 127 160   0  1 0 65535 1 9003 9003 1 1 17
0 22  111 127 236   0    0 18  228 163   0   0  1 0 65535 1 0 65535 1 1 6
0 24   23 158 189   0    0  0    0   0   0   0  1 0 65535 1 514 514 1 1 6
0 27   23 158 188   0    0 21  195 101 240   0  1 0 65535 1 0 65535 1 0 0
0 25   23 158 188 128    0 23  122 125  96   0  1 0 65535 1 0 65535 1 0 0
0 25  166 205  37 128    0 23  221 252  54   0  1 0 65535 1 0 65535 1 0 0
0 25  221 252  52 128    0 23  180 192  22   0  1 0 65535 1 0 65535 1 0 0
0 23   23 158 190   0    0  0    0   0   0   0  1 0 65535 1 514 514 1 1 6
0 24  178  27 241   0    0 24   51 225  67   0  1 0 65535 1 0 65535 1 0 0
0 24  166 205  36   0    0 24   76  72 233   0  1 0 65535 1 0 65535 1 0 0
0 24  221 252  53   0    0 24  221 252  53   0  1 0 65535 1 0 65535 1 0 0
0 24  221 252  53   0    0 24  122  43 193   0  1 0 65535 1 0 65535 1 0 0
0 26  221 252  52   0    0 22  188 187  88   0  1 0 65535 1 0 65535 1 0 0
0 19  221 252   0   0    0 29  195 101 253 240  1 0 65535 1 0 65535 1 0 0
0  1  128   0   0   0    0 22  115  30  56   0  1 161 161 1 0 65535 1 1 6
0 21  221 252  56   0    0 27  127 157  32  64  1 0 65535 1 0 65535 1 0 0
0 20  221 252  32   0    0 28  122  43 192  48  1 0 65535 1 0 65535 1 0 0
0 23  115  30  62   0    0  0    0   0   0   0  1 0 65535 1 9003 9003 1 1 17
0 23   23 158 190   0    0  0    0   0   0   0  1 0 65535 1 514 514 1 1 17
0 27  115  30  61  96    0 20  145  74 192   0  1 0 65535 1 0 65535 1 0 0
0 27   23 158 188   0    0 20  225  15  48   0  1 0 65535 1 0 65535 1 0 0
0 27  221 252  52  64    0 20   76  72 240   0  1 0 65535 1 0 65535 1 0 0
0 24  111 127 235   0    0 23  111 127  74   0  1 0 65535 1 0 65535 1 0 0
0 24  221 252  53   0    0 23  221 187  58   0  1 0 65535 1 0 65535 1 0 0
0 24  221 252  53   0    0 23  127 210 146   0  1 0 65535 1 0 65535 1 0 0
0 21  111 127 224   0    0 18   20  58   0   0  1 0 65535 1 0 65535 1 1 6
0 23   23 158 190   0    0 24  122 125  98   0  1 0 65535 1 0 65535 1 0 0
0 23   23 158 190   0    0 24  221 110 129   0  1 0 65535 1 0 65535 1 0 0
0 23  221 252  54   0    0 24  111 127 165   0  1 0 65535 1 0 65535 1 0 0
0 23  221 252  54   0    0 24  195 101 252   0  1 0 65535 1 0 65535 1 0 0
0 22   23 158 184   0    0  1  128   0   0   0  1 0 65535 1 9003 9003 1 1 17
0 22  166 205  32   0    0  1  128   0   0   0  1 0 65535 1 9003 9003 1 1 6
0  0    0   0   0   0    0 22   51 225  68   0  1 0 65535 1 69 69 1 1 6
0 21   23 158 176   0    0 26  221 110 128 128  1 0 65535 1 0 65535 1 0 0
0 18   23 158 192   0    0 20  221 110 144   0  1 0 65535 1 0 65535 1 1 6
0 25   23 158 188 128    0 22  221 110 132   0  1 0 65535 1 0 65535 1 0 0
0 19   23 158 128   0    0 28  221 252  77 176  1 0 65535 1 0 65535 1 0 0
0 16  184 246   0   0    0 23  221 252  54   0  1 0 65535 1 0 65535 1 1 50
0 22  221 252  48   0    0 25  195 101 253   0  1 0 65535 1 0 65535 1 0 0
0 22  221 252  48   0    0 25  115  30  61   0  1 0 65535 1 0 65535 1 0 0
0 15  221 254   0   0    0 24  180 192  20   0  1 0 65535 1 0 65535 1 1 6
0 20  221 252  32   0    0 18  122  43  64   0  1 0 65535 1 0 65535 1 1 6
0 26  221 252  52   0    0 21  122  43 200   0  1 0 65535 1 0 65535 1 0 0
0 15  111 124   0   0    0  7  232   0   0   0  1 0 65535 1 32774 32774 1 1 6
0 22  111 127 236   0    0 24  111 127 165   0  1 0 65535 1 0 65535 1 0 0
0 22  166 169 224   0    0 24   69 125  37   0  1 0 65535 1 0 65535 1 0 0
0 22  221 252  48   0    0 24  180 192  20   0  1 0 65535 1 0 65535 1 0 0
0 26   23 158 188  64    0 20  225  15  48   0  1 0 65535 1 0 65535 1 0 0
0 26  221 252  52   0    0 20  221 252 160   0  1 0 65535 1 0 65535 1 0 0
0 20   23 158 160   0    0  2    0   0   0   0  1 0 65535 1 80 80 1 1 17
0 20  221 252  32   0    0  2  128   0   0   0  1 0 65535 1 514 514 1 1 17
0 21   23 158 176   0    0 25  221 187  56 128  1 0 65535 1 0 65535 1 0 0
0 21  221 252  56   0    0 25  104 120 109 128  1 0 65535 1 0 65535 1 0 0
0 18   23 158 192   0    0 28  122 125  99  32  1 0 65535 1 0 65535 1 0 0
0 18  178  27 128   0    0 28   51 225  66  64  1 0 65535 1 0 65535 1 0 0
0  1  128   0   0   0    0 21   20  58  88   0  1 161 161 1 0 65535 1 1 17
0 25  166 169 228   0    0 21   76  72 224   0  1 0 65535 1 0 65535 1 0 0
0 25  166 205  37 128    0 21   76  72 224   0  1 0 65535 1 0 65535 1 0 0
0 22  166 205  32   0    0  0    0   0   0   0  1 0 65535 1 143 143 1 1 17
0 24  221 252  53   0    0 22   76  72 236   0  1 0 65535 1 0 65535 1 0 0
0 24  221 252  53   0    0 22  180 192  16   0  1 0 65535 1 0 65535 1 0 0
0 19  221 252   0   0    0 27  122  43  19   0  1 0 65535 1 0 65535 1 0 0
0  1  128   0   0   0    0 21  122  43 200   0  1 0 65535 1 514 514 1 1 17
0 23  221 252  54   0    0 23  180 192  22   0  1 0 65535 1 0 65535 1 0 0
0 22  115  30 164   0    0 23  145 204 108   0  1 0 65535 1 0 65535 1 0 0
0 21  115  30 168   0    0 24   76  72 233   0  1 0 65535 1 0 65535 1 0 0
0 21  221 252  56   0    0 24  195 101 252   0  1 0 65535 1 0 65535 1 0 0
0 18  103  71  64   0    0  3  128   0   0   0  1 0 65535 1 69 69 1 1 17
0 18  221 252  64   0    0  3   96   0   0   0  1 0 65535 1 137 137 1 1 17
0 23  111 127 232   0    0 22   20  58  84   0  1 0 65535 1 0 65535 1 0 0
0 23   23 158 190   0    0 22  225  15  44   0  1 0 65535 1 0 65535 1 0 0
0 23   23 158 190   0    0 22  221  52 236   0  1 0 65535 1 0 65535 1 0 0
0 23  166 205  38   0    0 22   76  72 236   0  1 0 65535 1 0 65535 1 0 0
0 23  221 252  54   0    0 22  111 127  76   0  1 0 65535 1 0 65535 1 0 0
0 19   23 158 128   0    0  2    0   0   0   0  1 0 65535 1 139 139 1 1 17
0 19   23 158 128   0    0  2   64   0   0   0  1 0 65535 1 1723 1723 1 1 17
0 20   23 158 160   0    0  1  128   0   0   0  1 0 65535 1 69 69 1 1 17
0 20  221 252  32   0    0  1  128   0   0   0  1 0 65535 1 9003 9003 1 1 17
0 16   23 159   0   0    0 29  122 125  99  56  1 0 65535 1 0 65535 1 0 0
0 27   23 158 188   0    0 18  221 110 192   0  1 0 65535 1 0 65535 1 0 0
0 27  221 252  52  64    0 18  127 157  64   0  1 0 65535 1 0 65535 1 0 0
0 20   23 158 160   0    0 25  221 187  56 128  1 0 65535 1 0 65535 1 0 0
0 20  221 252  32   0    0 25  127 210 144 128  1 0 65535 1 0 65535 1 0 0
0 25   23 158 188 128    0 20  122 125 112   0  1 0 65535 1 0 65535 1 0 0
0 25   23 158 188 128    0 20  221 252  80   0  1 0 65535 1 0 65535 1 0 0
0 25  221 252  52 128    0 20  111 127  80   0  1 0 65535 1 0 65535 1 0 0
0 25  221 252  52 128    0 20  127 210 128   0  1 0 65535 1 0 65535 1 0 0
0 24  184  20  74   0    0 21   20  58  88   0  1 0 65535 1 0 65535 1 0 0
0 19  166 169 192   0    0  1  128   0   0   0  1 0 65535 1 1433 1433 1 1 6
0 20  115  30  32   0    0 24   20  58  80   0  1 0 65535 1 0 65535 1 0 0
0 20  221 252  32   0    0 24  221 252  76   0  1 0 65535 1 0 65535 1 0 0
0 31  103  71  63 164    0 13  145 192   0   0  1 0 65535 1 0 65535 1 0 0
0 23  111 127 232   0    0 21  228 163  72   0  1 0 65535 1 0 65535 1 0 0
0 23   23 158 190   0    0 21  122 125 104   0  1 0 65535 1 0 65535 1 0 0
0 23  166 205  38   0    0 21   76  72 224   0  1 0 65535 1 0 65535 1 0 0
0 28   23 158 188  32    0 16  225  14   0   0  1 0 65535 1 0 65535 1 0 0
0 28  221 252  52  96    0 16  127 156   0   0  1 0 65535 1 0 65535 1 0 0
0 25   23 158 188 128    0 19  221 110 160   0  1 0 65535 1 0 65535 1 0 0
0  9  178 128   0   0    0 11  188 128   0   0  1 0 65535 1 5520 5520 1 1 6
0 30  184  20  75 116    0 14   20  60   0   0  1 0 65535 1 0 65535 1 0 0
0 30  221 252  52 116    0 14  195  96   0   0  1 0 65535 1 0 65535 1 0 0
0 30  221 252  52 116    0 14  122 120   0   0  1 0 65535 1 0 65535 1 0 0
0 22  166 205  32   0    0 22  221 252  48   0  1 0 65535 1 0 65535 1 0 0
0 27  166 205  37  32    0 17  180 192 128   0  1 0 65535 1 0 65535 1 0 0
0 27  221 252  52  64    0 17  115  30 128   0  1 0 65535 1 0 65535 1 0 0
0 27  221 252  52  64    0 17  180 192 128   0  1 0 65535 1 0 65535 1 0 0
0 27  221 252  52  64    0 17  127 157 128   0  1 0 65535 1 0 65535 1 0 0
0 17  221 252 128   0    0 19  180 192  32   0  1 0 65535 1 0 65535 1 1 6
0 19  221 252   0   0    0 25  118 105 181   0  1 0 65535 1 0 65535 1 0 0
0 18  221 252  64   0    0 26  115 146  72   0  1 0 65535 1 0 65535 1 0 0
0 21  115  30 168   0    0 22   20  58  84   0  1 0 65535 1 0 65535 1 0 0
0 23  103  71  60   0    0 20   20  58  64   0  1 0 65535 1 0 65535 1 0 0
0 23   23 158 190   0    0 20  122 125 112   0  1 0 65535 1 0 65535 1 0 0
0 23  221 252  54   0    0 20  180 192   0   0  1 0 65535 1 0 65535 1 0 0
0 26   23 158 188  64    0 17  195 101   0   0  1 0 65535 1 0 65535 1 0 0
0 24   23 158 189   0    0 19   20  58  96   0  1 0 65535 1 0 65535 1 0 0
0 19  191 158  64   0    0 24  221 252  76   0  1 0 65535 1 0 65535 1 0 0
0 18  184 221 192   0    0 17  221 252 128   0  1 0 65535 1 0 65535 1 1 86
0 14  166 200   0   0    0 29  221 252  52 192  1 0 65535 1 0 65535 1 0 0
0 18  221 252  64   0    0 25   76  72 232   0  1 0 65535 1 0 65535 1 0 0
0 23  103  71  60   0    0 19   20  58  96   0  1 0 65535 1 0 65535 1 0 0
0 23   23 158 190   0    0 19  221 252  96   0  1 0 65535 1 0 65535 1 0 0
0 23  166 169 230   0    0 19  221 252   0   0  1 0 65535 1 0 65535 1 0 0
0 23  221 252  54   0    0 19  127 210 160   0  1 0 65535 1 0 65535 1 0 0
0 21  111 127 224   0    0 21   20  58  88   0  1 0 65535 1 0 65535 1 0 0
0 21  221 252  56   0    0 21  127 210 152   0  1 0 65535 1 0 65535 1 0 0
0 25   23 158 188 128    0 17  195 101   0   0  1 0 65535 1 0 65535 1 0 0
0 22   23 158 184   0    0 11  122  64   0   0  1 0 65535 1 0 65535 1 1 6
0 22   23 158 184   0    0 20  122 125 112   0  1 0 65535 1 0 65535 1 0 0
0 27   23 158 188   0    0 15  122 126   0   0  1 0 65535 1 0 65535 1 0 0
0 18   23 158 192   0    0 24   20  58  80   0  1 0 65535 1 0 65535 1 0 0
0 18   23 158 192   0    0  0    0   0   0   0  1 0 65535 1 69 69 1 1 6
0 26   23 158 188  64    0 16  221 111   0   0  1 0 65535 1 0 65535 1 0 0
0 26   23 158 188  64    0 16  122 124   0   0  1 0 65535 1 0 65535 1 0 0
0 26  178  27  30   0    0 16  221 253   0   0  1 0 65535 1 0 65535 1 0 0
0 16  184 246   0   0    0 26   20  58  81   0  1 0 65535 1 0 65535 1 0 0
0 16  221 253   0   0    0 26  115 146  72 128  1 0 65535 1 0 65535 1 0 0
0 20  221 252  32   0    0 22  111 127  76   0  1 0 65535 1 0 65535 1 0 0
0 20  221 252  32   0    0 22  122  43 196   0  1 0 65535 1 0 65535 1 0 0
0 17  221 252 128   0    0 25  195 101 253   0  1 0 65535 1 0 65535 1 0 0
0 24  221 252  53   0    0 18  118 105 192   0  1 0 65535 1 0 65535 1 0 0
0 19  221 252   0   0    0 23  122  43 194   0  1 0 65535 1 0 65535 1 0 0
0 17  111 127   0   0    0 24   20  58  80   0  1 0 65535 1 0 65535 1 0 0
0  0    0   0   0   0    0 32   59 165 253 217  1 0 65535 1 1024 65535 1 1 17
0 14   23 152   0   0    0 27  225  15  42 224  1 0 65535 1 0 65535 1 0 0
0 15   23 156   0   0    0 26  221  52 234   0  1 0 65535 1 0 65535 1 0 0
0 15  221 254   0   0    0 26  195 101 253 128  1 0 65535 1 0 65535 1 0 0
0 19   23 158 128   0    0 22  221 110 132   0  1 0 65535 1 0 65535 1 0 0
0 19   23 158 128   0    0 22  122 125 100   0  1 0 65535 1 0 65535 1 0 0
0 19  221 252   0   0    0 22  127 210 148   0  1 0 65535 1 0 65535 1 0 0
0 21  221 252  56   0    0 20   96 173 176   0  1 0 65535 1 0 65535 1 0 0
0 21  221 252  56   0    0 20  221 110 144   0  1 0 65535 1 0 65535 1 0 0
0 18  221 252  64   0    0 15  180 194   0   0  1 0 65535 1 0 65535 1 1 86
0 16  221 253   0   0    0 25  211  31 145   0  1 0 65535 1 0 65535 1 0 0
0 16  221 253   0   0    0 25  221 252  52   0  1 0 65535 1 0 65535 1 0 0
0 18  221 252  64   0    0 23  115  30  62   0  1 0 65535 1 0 65535 1 0 0
0 26  221 252  52   0    0 15  122  40   0   0  1 0 65535 1 0 65535 1 0 0
0 21  115  30  48   0    0 19  111 127 192   0  1 0 65535 1 0 65535 1 0 0
0 18  111 127 128   0    0 22  225  15  44   0  1 0 65535 1 0 65535 1 0 0
0 18   23 158 192   0    0 22  122 125 100   0  1 0 65535 1 0 65535 1 0 0
0 22   23 158 184   0    0 18  221 110 192   0  1 0 65535 1 0 65535 1 0 0
0  0    0   0   0   0    0 31   51 225  66  86  1 0 65535 1 1024 65535 1 1 17
0 25  166 205  37 128    0 15  221 254   0   0  1 0 65535 1 0 65535 1 0 0
0 25  221 252  52 128    0 15  180 194   0   0  1 0 65535 1 0 65535 1 0 0
0 13  221 240   0   0    0  3  160   0   0   0  1 0 65535 1 514 514 1 1 17
0 17  221 252 128   0    0 23  115  30  62   0  1 0 65535 1 0 65535 1 0 0
0 13  221 240   0   0    0 27  122  43 192   0  1 0 65535 1 0 65535 1 0 0
0 25  115  30  61 128    0 14  145  76   0   0  1 0 65535 1 0 65535 1 0 0
0 26  115  30 161   0    0 13  145  64   0   0  1 0 65535 1 0 65535 1 0 0
0 21  103  71  48   0    0 18  188 187   0   0  1 0 65535 1 0 65535 1 0 0
0 21  111 127 224   0    0 18  228 163   0   0  1 0 65535 1 0 65535 1 0 0
0 23  111 127 232   0    0 16  228 163   0   0  1 0 65535 1 0 65535 1 0 0
0 23  184 221 168   0    0 16   69 124   0   0  1 0 65535 1 0 65535 1 0 0
0 17   23 158   0   0    0 22   20  58  84   0  1 0 65535 1 0 65535 1 0 0
0 22   23 158 184   0    0 17  195 101   0   0  1 0 65535 1 0 65535 1 0 0
0 14  221 248   0   0    0 25  180 192  30 128  1 0 65535 1 0 65535 1 0 0
0  0    0   0   0   0    0 29   59 165 253 208  1 0 65535 1 1024 65535 1 1 17
0 22   23 158 184   0    0 16  221 111   0   0  1 0 65535 1 0 65535 1 0 0
0 21  179  79  24   0    0 17  221 252 128   0  1 0 65535 1 0 65535 1 0 0
0 21  166 205  40   0    0 17  180 192 128   0  1 0 65535 1 0 65535 1 0 0
0 17  221 252 128   0    0 21  195 101 240   0  1 0 65535 1 0 65535 1 0 0
0 16  221 253   0   0    0 22  180 192  24   0  1 0 65535 1 0 65535 1 0 0
0 18  115  30 192   0    0 19   20  58  96   0  1 0 65535 1 0 65535 1 0 0
0  8   22   0   0   0    0  5   24   0   0   0  1 0 65535 1 69 69 1 1 17
0 16   23 159   0   0    0 21  221 110 136   0  1 0 65535 1 0 65535 1 0 0
0 16  166 204   0   0    0 21  221 252  56   0  1 0 65535 1 0 65535 1 0 0
0 21  221 252  56   0    0 16  211  30   0   0  1 0 65535 1 0 65535 1 0 0
0 17  221 252 128   0    0 20  180 192   0   0  1 0 65535 1 0 65535 1 0 0
0  6  216   0   0   0    0 31  122  43  19  48  1 0 65535 1 0 65535 1 0 0
0 19  221 252   0   0    0 18  195 101 128   0  1 0 65535 1 0 65535 1 0 0
0 20  103  71  32   0    0 16  145 205   0   0  1 0 65535 1 0 65535 1 0 0
0 14   23 152   0   0    0 22  221 110 132   0  1 0 65535 1 0 65535 1 0 0
0 18  166 171 192   0    0 18   69 125  64   0  1 0 65535 1 0 65535 1 0 0
0 18  221 252  64   0    0 18  180 192  64   0  1 0 65535 1 0 65535 1 0 0
0 21  221 252  56   0    0 15  188 184   0   0  1 0 65535 1 0 65535 1 0 0
0 19  221 252   0   0    0 17  127 210   0   0  1 0 65535 1 0 65535 1 0 0
0 23  221 252  54   0    0 13  122 112   0   0  1 0 65535 1 0 65535 1 0 0
0 20   23 158 160   0    0 15  225  12   0   0  1 0 65535 1 0 65535 1 0 0
0 17   23 158   0   0    0 18  122 125   0   0  1 0 65535 1 0 65535 1 0 0
0 17  166 171   0   0    0 18   69 125  64   0  1 0 65535 1 0 65535 1 0 0
0  9  221   0   0   0    0 18  218 148 192   0  1 0 65535 1 0 65535 1 1 6
0 17  166 169   0   0    0 17  166 247   0   0  1 0 65535 1 0 65535 1 0 0
0 24  166 169 229   0    0  0    0   0   0   0  1 0 65535 1 0 65535 1 1 6
0 17  221 252 128   0    0  8  181   0   0   0  1 0 65535 1 0 65535 1 1 6
0 14  111 120   0   0    0 17  225  15 128   0  1 0 65535 1 0 65535 1 0 0
0 13   23 144   0   0    0 10  225  64   0   0  1 0 65535 1 0 65535 1 1 6
0 17  180 170   0   0    0 14   51 224   0   0  1 0 65535 1 0 65535 1 0 0
0 20  115  30  32   0    0 10  145   0   0   0  1 0 65535 1 0 65535 1 0 0
0 13  111 112   0   0    0 17  122 125 128   0  1 0 65535 1 0 65535 1 0 0
0  1    0   0   0   0    0 20  221 187  32   0  1 0 65535 1 0 65535 1 1 1
0 14  166 200   0   0    0 15   76  74   0   0  1 0 65535 1 0 65535 1 0 0
0  2    0   0   0   0    0 26  221 187  56   0  1 0 65535 1 0 65535 1 0 0
0 14   23 152   0   0    0 14  221 248   0   0  1 0 65535 1 0 65535 1 0 0
0 15  111 124   0   0    0 12  104  96   0   0  1 0 65535 1 0 65535 1 0 0
0  0    0   0   0   0    0 26   59 165 253 128  1 0 65535 1 0 65535 1 0 0
0  0    0   0   0   0    0 26   51 225  66   0  1 0 65535 1 0 65535 1 0 0
0 18  111 127 128   0    0  8  232   0   0   0  1 0 65535 1 0 65535 1 0 0
0 22   23 158 184   0    0  4    0   0   0   0  1 0 65535 1 0 65535 1 0 0
0  2  192   0   0   0    0 24  180 192  31   0  1 0 65535 1 0 65535 1 0 0
0 19  221 252   0   0    0  7  100   0   0   0  1 0 65535 1 0 65535 1 0 0
0  0    0   0   0   0    0 25   51 225  66 128  1 0 65535 1 0 65535 1 0 0
0 24  111 127 235   0    0  0    0   0   0   0  1 0 65535 1 0 65535 1 0 0
0  2   64   0   0   0    0 22   20  58  84   0  1 0 65535 1 0 65535 1 0 0
0  0    0   0   0   0    0 24   51 225  67   0  1 0 65535 1 0 65535 1 0 0
0  1  128   0   0   0    0 23   76  72 234   0  1 0 65535 1 0 65535 1 0 0
0  1    0   0   0   0    0 22  221 252  72   0  1 0 65535 1 0 65535 1 0 0
0  3  224   0   0   0    0 20  111 127 176   0  1 0 65535 1 0 65535 1 0 0
0 20  221 252  32   0    0  3   96   0   0   0  1 0 65535 1 0 65535 1 0 0
0  8  220   0   0   0    0  6  220   0   0   0  1 0 65535 1 0 65535 1 1 6
0  0    0   0   0   0    0 22   59 165 252   0  1 0 65535 1 0 65535 1 0 0
0  1    0   0   0   0    0 21  221 110 136   0  1 0 65535 1 0 65535 1 0 0
0  3   32   0   0   0    0 19  221 187   0   0  1 0 65535 1 0 65535 1 0 0
0 22  166 205  32   0    0  0    0   0   0   0  1 0 65535 1 0 65535 1 0 0
0 22  221 252  48   0    0  0    0   0   0   0  1 0 65535 1 0 65535 1 0 0
0 21  221 252  56   0    0  1  128   0   0   0  1 0 65535 1 0 65535 1 0 0
0  2  192   0   0   0    0 17   76  72   0   0  1 0 65535 1 0 65535 1 0 0
0 16   23 159   0   0    0  2    0   0   0   0  1 0 65535 1 0 65535 1 0 0
0 16  166 204   0   0    0  1  128   0   0   0  1 0 65535 1 0 65535 1 0 0
0  1    0   0   0   0    0 15  225  12   0   0  1 0 65535 1 0 65535 1 0 0
0  9  166   0   0   0    0  6   76   0   0   0  1 0 65535 1 0 65535 1 0 0
0  5   24   0   0   0    0  5  208   0   0   0  1 0 65535 1 0 65535 1 0 0
0  0    0   0   0   0    0  2    0   0   0   0  1 0 65535 1 0 65535 1 0 0
